Table number,Releve number,COUNTRY,REFERENCE,deg_lon,deg_lat
1,358,KE,5,36.8167,2.1833
2,359,KE,5,36.8167,2.1833
3,360,KE,5,36.8167,2.1833
4,361,KE,5,36.8167,2.1833
5,362,KE,5,36.8167,2.1833
6,363,KE,5,36.8167,2.1833
7,364,KE,5,36.8167,2.1833
8,365,KE,5,36.8167,2.1833
9,366,KE,5,36.8167,2.1833
10,367,KE,5,36.8167,2.1833
11,368,KE,5,36.8167,2.1833
12,369,KE,5,36.8167,2.1833
13,370,KE,5,36.8167,2.1833
14,371,KE,5,36.8167,2.1833
15,372,KE,5,36.8167,2.1833
16,373,KE,5,36.8167,2.1833
17,374,KE,5,36.8167,2.1833
18,375,KE,5,36.8167,2.1833
19,376,KE,5,36.8167,2.1833
20,377,KE,5,36.8167,2.1833
21,378,KE,5,36.8167,2.1833
22,379,KE,5,36.8167,2.1833
23,380,KE,5,36.8167,2.1833
24,381,KE,5,36.8167,2.1833
25,382,KE,5,36.8167,2.1833
26,383,KE,5,36.8167,2.1833
27,384,KE,5,36.8167,2.1833
28,385,KE,5,36.8167,2.1833
29,386,KE,5,36.8167,2.1833
30,387,KE,5,36.8167,2.1833
31,388,KE,5,36.8167,2.1833
32,389,KE,5,36.8167,2.1833
33,390,KE,5,36.8167,2.1833
34,391,KE,5,36.8167,2.1833
35,392,KE,5,36.8167,2.1833
36,393,KE,5,36.8167,2.1833
37,394,KE,5,36.8167,2.1833
38,395,KE,5,36.8167,2.1833
39,396,KE,5,36.8167,2.1833
40,397,KE,5,36.8167,2.1833
41,398,KE,5,36.8167,2.1833
42,399,KE,5,36.8167,2.1833
43,400,KE,5,36.8167,2.1833
44,401,KE,5,36.8167,2.1833
45,402,KE,5,36.8167,2.1833
46,403,KE,5,36.8167,2.1833
47,404,KE,5,36.8167,2.1833
48,405,KE,5,36.8167,2.1833
49,406,KE,5,37.9653,2.3213
50,407,KE,5,37.9653,2.3213
51,408,KE,5,37.9653,2.3213
52,409,KE,5,37.9653,2.3213
53,410,KE,5,37.9653,2.3213
54,411,KE,5,37.9653,2.3213
55,412,KE,5,37.9653,2.3213
56,413,KE,5,37.9653,2.3213
57,414,KE,5,37.9653,2.3213
58,415,KE,5,37.9653,2.3213
59,416,KE,5,37.9653,2.3213
60,417,KE,5,37.9653,2.3213
61,418,KE,5,37.9653,2.3213
62,419,KE,5,37.9653,2.3213
63,420,KE,5,37.3683,0.9606
64,421,KE,5,37.3683,0.9606
65,422,KE,5,37.3683,0.9606
66,423,KE,5,37.3683,0.9606
67,424,KE,5,37.3683,0.9606
68,425,KE,5,37.3683,0.9606
69,426,KE,5,37.3683,0.9606
70,427,KE,5,37.3683,0.9606
71,428,KE,5,37.3683,0.9606
72,429,KE,5,37.3683,0.9606
73,430,KE,5,37.3683,0.9606
74,431,KE,5,37.3683,0.9606
75,432,KE,5,37.3683,0.9606
76,433,KE,5,37.3683,0.9606
77,434,KE,5,37.3683,0.9606
78,435,KE,5,37.3683,0.9606
79,436,KE,5,37.3683,0.9606
80,437,KE,5,37.3683,0.9606
81,438,KE,5,37.3683,0.9606
82,439,KE,5,37.3683,0.9606
83,440,KE,5,37.3683,0.9606
84,441,KE,5,37.3683,0.9606
85,442,KE,5,37.3683,0.9606
86,443,KE,5,37.3683,0.9606
87,444,KE,5,37.3683,0.9606
88,445,KE,5,37.3683,0.9606
89,446,KE,5,37.3683,0.9606
90,447,KE,5,37.3683,0.9606
91,448,KE,5,37.3683,0.9606
92,449,KE,5,37.3683,0.9606
93,450,KE,5,37.3683,0.9606
94,451,KE,5,37.3683,0.9606
95,452,KE,5,37.3683,0.9606
96,453,KE,5,37.3683,0.9606
97,454,KE,5,37.3683,0.9606
98,455,KE,5,37.3683,0.9606
99,456,KE,5,37.3683,0.9606
100,457,KE,5,37.3683,0.9606
101,458,KE,5,37.3683,0.9606
102,459,KE,5,37.3683,0.9606
103,460,KE,5,37.3683,0.9606
104,461,KE,5,37.3683,0.9606
105,462,KE,5,37.3683,0.9606
106,463,KE,5,37.3683,0.9606
107,464,KE,5,37.3683,0.9606
108,465,KE,5,37.3683,0.9606
109,466,KE,5,37.3683,0.9606
110,467,KE,5,37.3683,0.9606
111,468,KE,5,37.3683,0.9606
112,469,KE,5,37.3683,0.9606
113,470,KE,5,37.3683,0.9606
114,471,KE,5,37.1467,0.465
115,472,KE,5,37.1467,0.465
116,473,KE,5,37.1467,0.465
117,474,KE,5,37.1467,0.465
118,475,KE,5,37.1467,0.465
119,476,KE,5,37.1467,0.465
120,477,KE,5,37.1467,0.465
121,478,KE,5,37.1467,0.465
122,479,KE,5,37.1467,0.465
123,480,KE,5,37.1467,0.465
124,481,KE,5,37.1467,0.465
125,482,KE,5,37.1467,0.465
126,483,KE,5,37.1467,0.465
127,484,KE,5,37.1467,0.465
128,485,KE,5,37.1467,0.465
129,486,KE,5,37.1467,0.465
130,487,KE,5,37.1467,0.465
131,488,KE,5,37.1467,0.465
132,489,KE,5,37.1467,0.465
133,490,KE,5,37.1467,0.465
134,491,KE,5,37.1467,0.465
135,492,KE,5,37.1467,0.465
136,493,KE,5,37.1467,0.465
137,494,KE,5,37.1467,0.465
138,495,KE,5,37.1467,0.465
139,496,KE,5,37.1467,0.465
140,497,KE,5,37.1467,0.465
141,498,KE,5,37.1467,0.465
142,499,KE,5,37.1467,0.465
143,500,KE,5,37.1467,0.465
144,501,KE,5,37.1467,0.465
145,502,KE,5,37.1467,0.465
146,503,KE,5,37.8885,0.2233
147,504,KE,5,37.8885,0.2233
148,505,KE,5,37.8885,0.2233
149,506,KE,5,37.8885,0.2233
150,507,KE,5,37.8885,0.2233
151,508,KE,5,37.8885,0.2233
152,509,KE,5,37.8885,0.2233
153,510,KE,5,37.8885,0.2233
154,511,KE,5,37.8885,0.2233
155,512,KE,5,37.8885,0.2233
156,513,KE,5,37.8885,0.2233
157,514,KE,5,37.8885,0.2233
158,515,KE,5,37.8885,0.2233
159,516,KE,5,37.8885,0.2233
160,517,KE,5,37.8885,0.2233
161,518,KE,5,37.8885,0.2233
162,519,KE,5,37.8885,0.2233
163,520,KE,5,37.8885,0.2233
164,521,KE,5,37.8885,0.2233
165,522,KE,5,37.8885,0.2233
166,523,KE,5,37.8885,0.2233
167,524,KE,5,37.8885,0.2233
168,525,KE,5,37.8885,0.2233
169,526,KE,5,37.8885,0.2233
170,527,KE,5,37.8885,0.2233
171,528,KE,5,37.8885,0.2233
172,529,KE,5,37.8885,0.2233
173,530,KE,5,37.8885,0.2233
174,531,KE,5,37.8885,0.2233
175,532,KE,5,37.8885,0.2233
176,533,KE,5,37.8885,0.2233
177,534,KE,5,37.8885,0.2233
178,535,KE,5,37.8885,0.2233
179,536,KE,5,37.8885,0.2233
180,537,KE,5,37.8885,0.2233
181,538,KE,5,37.8885,0.2233
182,539,KE,5,37.8885,0.2233
183,540,KE,5,37.8885,0.2233
184,541,KE,5,37.8885,0.2233
185,542,KE,5,37.8885,0.2233
186,543,KE,5,37.8885,0.2233
187,544,KE,5,37.8885,0.2233
188,545,KE,5,37.8885,0.2233
189,546,KE,5,37.8885,0.2233
190,547,KE,5,37.8885,0.2233
191,548,KE,5,37.8885,0.2233
192,549,KE,5,37.8885,0.2233
193,550,KE,5,37.8885,0.2233
194,551,KE,5,37.8885,0.2233
195,552,KE,5,37.8885,0.2233
196,553,KE,5,37.8885,0.2233
197,554,KE,5,37.8885,0.2233
198,555,KE,5,37.8885,0.2233
199,556,KE,5,37.8885,0.2233
200,557,KE,5,35.8094,-1.604
201,558,KE,5,35.8094,-1.604
202,559,KE,5,35.8094,-1.604
203,560,KE,5,35.8094,-1.604
204,561,KE,5,35.8094,-1.604
205,562,KE,5,35.8094,-1.604
206,563,KE,5,35.8094,-1.604
207,564,KE,5,35.8094,-1.604
208,565,KE,5,35.8094,-1.604
209,566,KE,5,35.8094,-1.604
210,567,KE,5,35.8094,-1.604
211,568,KE,5,35.8094,-1.604
212,569,KE,5,35.8094,-1.604
213,570,KE,5,35.8094,-1.604
214,571,KE,5,35.8094,-1.604
215,572,KE,5,35.8094,-1.604
216,573,KE,5,35.8094,-1.604
217,574,KE,5,35.8094,-1.604
218,575,KE,5,35.8094,-1.604
219,576,KE,5,35.8094,-1.604
220,577,KE,5,35.8094,-1.604
221,578,KE,5,35.8094,-1.604
222,579,KE,5,35.8094,-1.604
223,580,KE,5,35.8094,-1.604
224,581,KE,5,35.8094,-1.604
225,582,KE,5,35.8094,-1.604
226,583,KE,5,35.8094,-1.604
227,584,KE,5,35.8094,-1.604
228,585,KE,5,35.8094,-1.604
229,586,KE,5,35.8094,-1.604
230,587,KE,5,35.8094,-1.604
231,588,KE,5,35.8094,-1.604
232,589,KE,5,35.8094,-1.604
233,590,KE,5,36.8289,-1.2433
234,591,KE,5,36.8289,-1.2433
235,592,KE,5,36.8289,-1.2433
236,593,KE,5,36.8289,-1.2433
237,594,KE,5,36.8289,-1.2433
238,595,KE,5,36.8289,-1.2433
239,596,KE,5,36.8289,-1.2433
240,597,KE,5,36.8289,-1.2433
241,598,KE,5,36.8289,-1.2433
242,599,KE,5,36.8289,-1.2433
243,600,KE,5,36.8289,-1.2433
244,601,KE,5,36.8289,-1.2433
245,602,KE,5,36.8289,-1.2433
246,603,KE,5,36.8289,-1.2433
247,604,KE,5,36.8289,-1.2433
248,605,KE,5,36.8289,-1.2433
249,606,KE,5,36.8289,-1.2433
250,607,KE,5,36.8289,-1.2433
251,608,KE,5,36.8289,-1.2433
252,609,KE,5,36.8289,-1.2433
253,610,KE,5,36.8289,-1.2433
254,611,KE,5,36.8289,-1.2433
255,612,KE,5,36.8289,-1.2433
256,613,KE,5,36.8289,-1.2433
257,614,KE,5,36.8289,-1.2433
258,615,KE,5,36.8289,-1.2433
259,616,KE,5,36.8289,-1.2433
260,617,KE,5,36.8289,-1.2433
261,618,KE,5,36.8289,-1.2433
262,619,KE,5,36.8289,-1.2433
263,620,KE,6,36.62278325,-0.16903818
264,621,KE,6,36.52850055,-0.21422053
265,622,KE,6,36.57699363,-0.14733847
266,623,KE,6,36.54287181,-0.17445153
267,624,KE,6,36.54377,-0.17173996
268,625,KE,6,36.61739629,-0.16542174
269,626,KE,6,36.63445521,-0.1753673
270,627,KE,6,36.63535301,-0.17627137
271,628,KE,6,36.62278313,-0.16994213
272,629,KE,6,36.5832773,-0.15999406
273,630,KE,6,36.58148124,-0.1627056
274,631,KE,6,36.58058337,-0.1627055
275,632,KE,6,36.73318801,-0.3860159
276,633,KE,6,36.69368859,-0.34080554
277,634,KE,6,36.69009698,-0.33990068
278,635,KE,6,36.68381238,-0.33537923
279,636,KE,6,36.70177002,-0.34171149
280,637,KE,6,36.55632731,-0.25218895
281,638,KE,6,36.52939473,-0.2359139
282,639,KE,6,36.54286691,-0.20879949
283,640,KE,6,36.54466289,-0.20699198
284,641,KE,6,36.56531276,-0.21241864
285,642,KE,6,36.54736163,-0.16993263
286,643,KE,6,36.68381195,-0.33718721
287,644,KE,6,36.54466261,-0.20879977
288,645,KE,6,36.56620514,-0.24495953
289,646,KE,6,36.56889874,-0.24496003
290,647,KE,6,36.56800087,-0.24495986
291,648,KE,6,36.53388395,-0.2359147
292,649,KE,6,36.56710301,-0.2449597
293,650,KE,6,36.56530727,-0.24495937
294,651,KE,6,36.56440941,-0.2449592
295,652,KE,6,36.6882802,-0.41854736
296,653,KE,6,36.66762668,-0.42034915
297,654,KE,6,36.86879009,-0.38695532
298,655,KE,6,36.87058623,-0.38695577
299,656,KE,6,36.87687228,-0.38876557
300,657,KE,6,36.83108868,-0.31281126
301,658,KE,6,36.82659848,-0.31281032
302,659,KE,6,36.82210737,-0.31732975
303,660,KE,6,36.83737135,-0.32999013
304,661,KE,6,36.83377918,-0.32998934
305,662,KE,6,36.83647409,-0.3263736
306,663,KE,6,36.82480241,-0.31280995
307,664,KE,6,36.85083831,-0.34717078
308,665,KE,6,36.84455356,-0.33993665
309,666,KE,6,36.89574029,-0.35350977
310,667,KE,6,36.87149207,-0.35440831
311,668,KE,6,36.8418608,-0.33360745
312,669,KE,6,36.84814496,-0.34355381
313,670,KE,6,36.83736897,-0.34083911
314,671,KE,6,36.87418312,-0.3679705
315,672,KE,6,36.88136511,-0.37882152
316,673,KE,6,36.86071256,-0.36615906
317,674,KE,6,36.88136898,-0.36254757
318,675,KE,6,36.86699596,-0.37881797
319,676,KE,6,36.89663756,-0.35712645
320,677,KE,6,36.90292537,-0.35170317
321,678,KE,6,36.88406466,-0.35621943
322,679,KE,6,36.87508455,-0.35350504
323,680,KE,6,36.85173408,-0.35711599
324,681,KE,6,36.89394038,-0.36978345
325,682,KE,6,36.86969594,-0.35440789
326,683,KE,6,36.88586019,-0.35893218
327,684,KE,6,36.89753666,-0.35260607
328,685,KE,6,36.89663918,-0.34989351
329,686,KE,6,36.88316699,-0.354411
330,687,KE,6,36.87418566,-0.35712125
331,688,KE,6,36.86430545,-0.36344763
332,689,KE,6,36.88675616,-0.3679735
333,690,KE,6,36.86968816,-0.38695555
334,691,KE,6,36.87777058,-0.38786169
335,692,KE,6,36.86789729,-0.36525668
336,693,KE,6,36.79785189,-0.35619909
337,694,KE,6,36.80952603,-0.35710596
338,695,KE,6,36.80324422,-0.33811915
339,696,KE,6,36.79515739,-0.35800655
340,697,KE,6,36.8068255,-0.38332316
341,698,KE,6,36.80951062,-0.38332385
342,699,KE,6,36.82658503,-0.37247932
343,700,KE,6,36.82388979,-0.37699902
344,701,KE,6,36.81311795,-0.35801089
345,702,KE,6,36.80862757,-0.35891387
346,703,KE,6,36.80504128,-0.33359925
347,704,KE,6,36.81761643,-0.32094508
348,705,KE,6,36.81401851,-0.34716228
349,706,KE,6,36.89753686,-0.35170195
350,707,KE,6,36.8346661,-0.37790581
351,708,KE,6,36.87777773,-0.35802619
352,709,KE,6,36.87687206,-0.38966968
353,710,KE,6,36.82928617,-0.34264544
354,711,KE,6,36.84455295,-0.34264891
355,712,KE,6,36.83018215,-0.35168642
356,713,KE,6,36.82388775,-0.38513569
357,714,KE,6,36.83017676,-0.37428837
358,715,KE,6,36.83018068,-0.35801497
359,716,KE,6,36.81401893,-0.34535415
360,717,KE,6,36.88586183,-0.35169929
361,718,KE,6,36.88675971,-0.35260361
362,719,KE,6,36.90202768,-0.34989472
363,720,KE,6,36.90292597,-0.34899081
364,721,KE,6,36.86789834,-0.36073618
365,722,KE,6,36.88226809,-0.35802723
366,723,KE,6,36.88316534,-0.36164388
367,724,KE,6,36.9056182,-0.35803264
368,725,KE,6,36.90292353,-0.35984026
369,726,KE,6,36.90292373,-0.35893614
370,727,KE,6,36.90202585,-0.35803181
371,728,KE,6,36.83557907,-0.31190811
372,729,KE,6,36.82839437,-0.31371477
373,730,KE,6,36.82929222,-0.31461904
374,731,KE,6,36.8337828,-0.31281182
375,732,KE,6,36.82839437,-0.31371477
376,733,KE,6,36.8292926,-0.31281088
377,734,KE,6,36.79695322,-0.35891105
378,735,KE,6,36.67570555,-0.42939139
379,736,KE,6,36.59045087,-0.22688543
380,737,KE,6,36.67752436,-0.34532154
381,738,KE,6,36.71971358,-0.40318846
382,739,KE,6,36.67752631,-0.3371857
383,740,KE,6,36.71701939,-0.40409171
384,741,KE,6,36.70894424,-0.37968134
385,742,KE,6,36.67571089,-0.41131176
386,743,KE,6,36.5805751,-0.22146025
387,744,KE,6,36.68650687,-0.33266791
388,745,KE,6,36.5814688,-0.24586624
389,746,KE,6,36.70625009,-0.38058462
390,747,KE,6,36.59045072,-0.22778935
391,748,KE,6,36.71880119,-0.45200469
392,749,KE,6,36.69276922,-0.42126066
393,750,KE,6,36.71971206,-0.40861252
394,751,KE,6,36.684628,-0.58939985
395,752,KE,6,36.68462948,-0.5857839
396,753,KE,6,36.68552784,-0.58488028
397,754,KE,6,36.69633232,-0.50985321
398,755,KE,6,36.6954337,-0.51166088
399,756,KE,6,36.69543466,-0.50894889
400,757,KE,6,36.68735159,-0.51256194
401,758,KE,6,36.67117603,-0.54509926
402,759,KE,6,36.66938285,-0.53786674
403,760,KE,6,36.68194141,-0.57131901
404,761,KE,6,36.67386679,-0.55323613
405,762,KE,6,36.68824924,-0.51346625
406,763,KE,6,36.69453377,-0.51708451
407,764,KE,6,36.69453377,-0.51708451
408,765,KE,6,36.70082318,-0.50714284
409,766,KE,6,36.63983888,-0.2033907
410,767,KE,6,36.55991893,-0.25128572
411,768,KE,6,36.56171565,-0.24586262
412,769,KE,6,36.56351203,-0.24224732
413,770,KE,6,36.56530612,-0.25128673
414,771,KE,6,36.55453593,-0.22778326
415,772,KE,6,36.54375849,-0.2458593
416,773,KE,6,36.54914999,-0.22055115
417,774,KE,6,36.55453562,-0.22959106
418,775,KE,6,36.54017308,-0.21060685
419,776,KE,6,36.54645859,-0.20699226
420,777,KE,6,36.56620123,-0.26574945
421,778,KE,6,36.54555234,-0.25580249
422,779,KE,6,36.54824504,-0.26032249
423,780,KE,6,36.52849996,-0.21783606
424,781,KE,6,36.54196582,-0.228685
425,782,KE,6,36.57159667,-0.21965095
426,783,KE,6,36.56890322,-0.21874659
427,784,KE,6,36.61649612,-0.1835005
428,785,KE,6,36.54286533,-0.21874232
429,786,KE,6,36.54017222,-0.2160302
430,787,KE,6,36.57339212,-0.22145907
431,788,KE,6,36.53029708,-0.20879751
432,789,KE,6,36.53478754,-0.20066322
433,790,KE,6,36.53837753,-0.20970267
434,791,KE,6,36.56531387,-0.20518737
435,792,KE,6,36.5491497,-0.22235895
436,793,KE,6,36.54017378,-0.20608739
437,794,KE,6,36.54196948,-0.20608767
438,795,KE,6,36.54377023,-0.16993217
439,796,KE,6,36.57699314,-0.15185806
440,797,KE,6,36.54286972,-0.18981772
441,798,KE,6,36.5751973,-0.15276177
442,799,KE,6,36.62367955,-0.18169356
443,800,KE,6,36.62278177,-0.1807895
444,801,KE,6,36.62457733,-0.18259763
445,802,KE,6,36.62188398,-0.17988543
446,803,KE,6,36.62008807,-0.18078914
447,804,KE,6,36.62368013,-0.17717382
448,805,KE,6,36.63355708,-0.1771751
449,806,KE,6,36.6156005,-0.16542152
450,807,KE,6,36.61290703,-0.16361332
451,808,KE,6,36.61200914,-0.16361321
452,809,KE,6,36.59225709,-0.15095585
453,810,KE,6,36.59135891,-0.15366753
454,811,KE,6,36.80054066,-0.37789718
455,812,KE,6,36.70883053,-0.68704217
456,813,KE,6,36.76551684,-0.38240837
457,814,KE,6,36.74757096,-0.32364186
458,815,KE,6,36.75653704,-0.38150197
459,816,KE,6,36.72332214,-0.33810061
460,817,KE,6,36.73409935,-0.33177501
461,818,KE,6,36.73857522,-0.38872941
462,819,KE,6,36.57340019,-0.16451246
463,820,KE,6,36.7331868,-0.39053599
464,821,KE,6,36.56352256,-0.17355032
465,822,KE,6,36.56351855,-0.20247537
466,823,KE,6,36.7242072,-0.38962954
467,824,KE,6,36.72330848,-0.39234133
468,825,KE,6,36.61469923,-0.19163573
469,826,KE,6,36.51682839,-0.21602638
470,827,KE,6,36.72776225,-0.50896045
471,828,KE,6,36.73225256,-0.50805802
472,829,KE,6,36.70973069,-0.68252259
473,830,KE,6,36.71152885,-0.67800344
474,831,KE,6,36.66131925,-0.48814517
475,832,KE,6,36.70793122,-0.68975374
476,833,KE,6,36.71877284,-0.53517351
477,834,KE,6,36.71697684,-0.53517284
478,835,KE,6,36.71607885,-0.5351725
479,836,KE,6,36.73136963,-0.46285686
480,837,KE,6,36.72867536,-0.46376001
481,838,KE,6,36.73136992,-0.46195285
482,839,KE,6,36.73047135,-0.46376059
483,840,KE,6,36.72957336,-0.4637603
484,841,KE,6,36.69997474,-0.33899906
485,842,KE,6,36.70261332,-0.52341545
486,843,KE,6,36.70171533,-0.52341512
487,844,KE,6,36.70620526,-0.52341678
488,845,KE,6,36.73225288,-0.507154
489,846,KE,6,36.73045498,-0.51257747
490,847,KE,6,36.73045529,-0.51167345
491,848,KE,6,36.73675206,-0.48003498
492,849,KE,6,36.73677073,-0.41946562
493,850,KE,6,36.73675266,-0.47822694
494,851,KE,6,36.7035113,-0.52341578
495,852,KE,6,36.70440929,-0.52341612
496,853,KE,6,36.7053076,-0.52251245
497,854,KE,6,36.70440961,-0.52251212
498,855,KE,6,36.70261397,-0.52160746
499,856,KE,6,36.70351196,-0.52160779
500,857,KE,6,36.72236748,-0.52794277
501,858,KE,6,36.70171599,-0.52160713
502,859,KE,6,36.73677099,-0.4185616
503,860,KE,6,36.72148312,-0.48906998
504,861,KE,6,36.71333491,-0.65630817
505,862,KE,6,36.65861706,-0.51164745
506,863,KE,6,36.65682115,-0.51164679
507,864,KE,6,36.71878884,-0.48997307
508,865,KE,6,36.68014726,-0.56679836
509,866,KE,6,36.69004519,-0.51346691
510,867,KE,6,36.69992456,-0.50895051
511,868,KE,6,36.69902594,-0.51075818
512,869,KE,6,36.70350187,-0.54872776
513,870,KE,6,36.69633071,-0.51437319
514,871,KE,6,36.69004486,-0.5143709
515,872,KE,6,36.70981676,-0.4664659
516,873,KE,6,36.7188078,-0.43030848
517,874,KE,6,36.67926624,-0.52250281
518,875,KE,6,36.69005498,-0.4854432
519,876,KE,6,36.70712105,-0.47188903
520,877,KE,6,36.70801873,-0.47279333
521,878,KE,6,36.73046548,-0.48184092
522,879,KE,6,36.72059053,-0.47279749
523,880,KE,6,36.72059053,-0.47279749
524,881,KE,6,36.7241816,-0.47551072
525,882,KE,6,36.7241816,-0.47551072
526,883,KE,6,36.7232842,-0.4737024
527,884,KE,6,36.72328331,-0.47641443
528,885,KE,6,36.69278712,-0.35526921
529,886,KE,6,36.59134723,-0.23592484
530,887,KE,6,36.7232788,-0.48997461
531,888,KE,6,36.72687439,-0.47912767
532,889,KE,6,36.70893937,-0.39776139
533,890,KE,6,36.71071503,-0.46556219
534,891,KE,6,36.71071503,-0.46556219
535,892,KE,6,36.71699857,-0.47279631
536,893,KE,6,36.73136467,-0.47822515
537,894,KE,6,36.71610029,-0.47370002
538,895,KE,6,36.7160979,-0.48093207
539,896,KE,6,36.71879336,-0.47641294
540,897,KE,6,36.72147627,-0.50895821
541,898,KE,6,36.71879366,-0.47550893
542,899,KE,6,36.72329691,-0.43302186
543,900,KE,6,36.70352216,-0.49267981
544,901,KE,6,36.72147532,-0.51167025
545,902,KE,6,36.70981499,-0.47188992
546,903,KE,6,36.72328361,-0.47551042
547,904,KE,6,36.70354643,-0.41583987
548,905,KE,6,36.67750118,-0.43029592
549,906,KE,6,36.69636055,-0.42306972
550,907,KE,6,36.69905605,-0.41764655
551,908,KE,6,36.7206035,-0.43121303
552,909,KE,6,36.70264687,-0.4212636
553,910,KE,6,36.70622098,-0.47821673
554,911,KE,6,36.69456595,-0.41854922
555,912,KE,6,36.7053233,-0.47731243
556,913,KE,6,36.71071119,-0.47731424
557,914,KE,6,36.70352644,-0.48002382
558,915,KE,6,36.70442472,-0.47912013
559,916,KE,6,36.69185123,-0.48453983
560,917,KE,6,36.71519962,-0.48183578
561,918,KE,6,36.70981499,-0.47188992
562,919,KE,6,36.7259758,-0.48093539
563,920,KE,6,36.72507781,-0.48093509
564,921,KE,6,36.72419382,-0.43663819
565,922,KE,6,36.72329583,-0.43663791
566,923,KE,6,36.70804603,-0.3805851
567,924,KE,6,36.66764784,-0.3417032
568,925,KE,6,36.71522394,-0.40228318
569,926,KE,6,36.70713753,-0.41855293
570,927,KE,6,36.54644863,-0.26393772
571,928,KE,6,36.54375507,-0.26393719
572,929,KE,6,36.54106043,-0.26936001
573,930,KE,6,36.5419581,-0.27026408
574,931,KE,6,36.66854687,-0.33718354
575,932,KE,6,36.67034254,-0.33808795
576,933,KE,6,36.66764849,-0.33899127
577,934,KE,6,36.67482738,-0.35797662
578,935,KE,6,36.734975,-0.41856108
579,936,KE,6,36.66669538,-0.52069017
580,937,KE,6,36.56979742,-0.24044063
581,938,KE,6,36.57787778,-0.24315383
582,939,KE,6,36.57698086,-0.23773017
583,940,KE,6,36.58147297,-0.2214604
584,941,KE,6,36.71791813,-0.40137993
585,942,KE,6,36.72778792,-0.42940716
586,943,KE,6,36.72868855,-0.42036728
587,944,KE,6,36.66938894,-0.52159515
588,945,KE,6,36.66759401,-0.51888255
589,946,KE,6,36.66759368,-0.51978653
590,947,KE,6,36.7026201,-0.50443148
591,948,KE,6,36.69546312,-0.42126147
592,949,KE,6,36.65772586,-0.49266376
593,950,KE,6,36.72150803,-0.40861303
594,951,KE,6,36.68824662,-0.52069817
595,952,KE,6,36.591348,-0.23140521
596,953,KE,6,36.6649347,-0.41402052
597,954,KE,6,36.70173018,-0.48092722
598,955,KE,6,36.71250746,-0.47641084
599,956,KE,6,36.70352278,-0.49087182
600,957,KE,6,36.72238111,-0.48907029
601,958,KE,6,36.67836793,-0.52340646
602,959,KE,6,36.71790792,-0.43663627
603,960,KE,6,36.68647578,-0.44657046
604,961,KE,6,36.71071327,-0.47098621
605,962,KE,6,36.7160988,-0.47822005
606,963,KE,6,36.70532119,-0.48364043
607,964,KE,6,36.71519962,-0.48183578
608,965,KE,6,36.70262936,-0.47731153
609,966,KE,6,36.70442532,-0.47731213
610,967,KE,6,36.7241813,-0.47641473
611,968,KE,6,36.70981231,-0.48002595
612,969,KE,6,36.71160827,-0.48002655
613,970,KE,6,36.68109137,-0.43572093
614,971,KE,6,36.71071297,-0.47189022
615,972,KE,6,36.70712281,-0.46646502
616,973,KE,6,36.72060133,-0.43844511
617,974,KE,6,36.70981558,-0.47008191
618,975,KE,6,36.70712252,-0.46736902
619,976,KE,6,36.70621641,-0.49177675
620,977,KE,6,36.71879425,-0.47370091
621,978,KE,6,36.71969254,-0.4727972
622,979,KE,6,36.70981529,-0.47098592
623,980,KE,6,36.72328331,-0.47641443
624,981,KE,6,36.71519719,-0.48906783
625,982,KE,6,36.71070633,-0.4917783
626,983,KE,6,36.70980866,-0.49087399
627,984,KE,6,36.7196748,-0.52432573
628,985,KE,6,36.71701183,-0.43030794
629,986,KE,6,36.70891251,-0.48544966
630,987,KE,6,36.71340121,-0.48906721
631,988,KE,6,36.7160997,-0.47550803
632,989,KE,6,36.67477706,-0.52069318
633,990,KE,6,36.66583239,-0.41492476
634,991,KE,6,36.67124091,-0.33628021
635,992,KE,6,36.71969946,-0.45110097
636,993,KE,6,36.71877615,-0.52613342
637,994,KE,6,36.71787783,-0.5270371
638,995,KE,6,36.72506311,-0.5234237
639,996,KE,6,36.70704552,-0.66353728
640,997,KE,6,36.70794394,-0.6626337
641,998,KE,6,36.71243525,-0.65992378
642,999,KE,6,36.7097445,-0.65269051
643,1000,KE,6,36.71242814,-0.67529185
644,1001,KE,6,36.71153765,-0.65901936
645,1002,KE,6,36.71242856,-0.67438785
646,1003,KE,6,36.71063964,-0.65901894
647,1004,KE,6,36.70794971,-0.64997768
648,1005,KE,6,36.70795376,-0.64093766
649,1006,KE,6,36.70705535,-0.64184126
650,1007,KE,6,36.70795214,-0.64455367
651,1008,KE,6,36.71335011,-0.62195599
652,1009,KE,6,36.68552486,-0.59211218
653,1010,KE,6,36.73406189,-0.46828184
654,1011,KE,6,36.70614917,-0.65992086
655,1012,KE,6,36.7079456,-0.65901769
656,1013,KE,6,36.70705373,-0.64545726
657,1014,KE,6,36.71604296,-0.62466918
658,1015,KE,6,36.71604257,-0.62557319
659,1016,KE,6,36.71424182,-0.63642047
660,1017,KE,6,36.7061684,-0.61652884
661,1018,KE,6,36.70974286,-0.65630652
662,1019,KE,6,36.71603863,-0.63461325
663,1020,KE,6,36.71512846,-0.66173304
664,1021,KE,6,36.71423169,-0.6590206
665,1022,KE,6,36.70794436,-0.6617297
666,1023,KE,6,36.72053301,-0.62467114
667,1024,KE,6,36.71153682,-0.66082737
668,1025,KE,6,36.71963461,-0.62557476
669,1026,KE,6,36.60659707,-0.30824243
670,1027,KE,6,36.60300588,-0.30643374
671,1028,KE,6,36.6021173,-0.26123686
672,1029,KE,6,36.60301433,-0.2657567
673,1030,KE,6,36.60301553,-0.25942916
674,1031,KE,6,36.58863151,-0.34077963
675,1032,KE,6,36.60300708,-0.30101014
676,1033,KE,6,36.58863038,-0.34529925
677,1034,KE,6,36.59760793,-0.35072512
678,1035,KE,6,36.63173088,-0.3407904
679,1036,KE,6,36.63442486,-0.33988711
680,1037,KE,6,36.57247379,-0.32360118
681,1038,KE,6,36.57426911,-0.32540944
682,1039,KE,6,36.56529165,-0.31998381
683,1040,KE,6,36.54913661,-0.2910552
684,1041,KE,6,36.55093174,-0.29376729
685,1042,KE,6,36.56979323,-0.26303843
686,1043,KE,6,36.55003427,-0.29195929
687,1044,KE,6,36.549137,-0.2892474
688,1045,KE,6,36.55093135,-0.29557509
689,1046,KE,6,36.59313841,-0.26123513
690,1047,KE,6,36.59403613,-0.26213923
691,1048,KE,6,36.59313858,-0.2603312
692,1049,KE,6,36.57518133,-0.25851991
693,1050,KE,6,36.62276776,-0.26756844
694,1051,KE,6,36.62187003,-0.26666432
695,1052,KE,6,36.62187021,-0.26576038
696,1053,KE,6,36.57069197,-0.25851904
697,1054,KE,6,36.57877249,-0.26032843
698,1055,KE,6,36.56979358,-0.26123061
699,1056,KE,6,36.59673296,-0.24496508
700,1057,KE,6,36.6093018,-0.25400673
701,1058,KE,6,36.59493686,-0.24677262
702,1059,KE,6,36.62007559,-0.25943241
703,1060,KE,6,36.66046563,-0.33627761
704,1061,KE,6,36.62097316,-0.26124047
705,1062,KE,6,36.58506031,-0.24586689
706,1063,KE,6,36.58595819,-0.24586706
707,1064,KE,6,36.66584349,-0.37514985
708,1065,KE,6,36.66584373,-0.37424587
709,1066,KE,6,36.59850037,-0.37151577
710,1067,KE,6,36.59850397,-0.3579568
711,1068,KE,6,36.64789502,-0.33446664
712,1069,KE,6,36.65148587,-0.33808337
713,1070,KE,6,36.65238315,-0.34079549
714,1071,KE,6,36.60837154,-0.39230903
715,1072,KE,6,36.70616411,-0.62647285
716,1073,KE,6,36.60929056,-0.30914697
717,1074,KE,6,36.6083718,-0.39140509
718,1075,KE,6,36.61738017,-0.26847134
719,1076,KE,6,36.64879444,-0.32813911
720,1077,KE,6,36.61289031,-0.27027833
721,1078,KE,6,36.61557648,-0.30643657
722,1079,KE,6,36.6505903,-0.32813953
723,1080,KE,6,36.73675675,-0.46557066
724,1081,KE,6,36.73585875,-0.46557037
725,1082,KE,6,36.73675646,-0.46647468
726,1083,KE,6,36.73765359,-0.46918703
727,1084,KE,6,36.73585846,-0.46647439
728,1085,KE,6,36.73764797,-0.48636343
729,1086,KE,6,36.73585376,-0.4809387
730,1087,KE,6,36.73405777,-0.4809381
731,1088,KE,6,36.72327415,-0.50353478
732,1089,KE,6,36.7160838,-0.52161239
733,1090,KE,6,36.72597001,-0.49811165
734,1091,KE,6,36.70709826,-0.53697713
735,1092,KE,6,36.70350255,-0.54691976
736,1093,KE,6,36.72597699,-0.47731934
737,1094,KE,6,36.7035029,-0.54601576
738,1095,KE,6,36.70709792,-0.53788113
739,1096,KE,6,36.67836793,-0.52340646
740,1097,KE,6,36.73315917,-0.48274584
741,1098,KE,6,36.72149738,-0.44477346
742,1099,KE,6,36.7259767,-0.47822335
743,1100,KE,6,36.73046548,-0.48184092
744,1101,KE,6,36.7160982,-0.48002807
745,1102,KE,6,36.70173108,-0.47821522
746,1103,KE,6,36.71517646,-0.54692425
747,1104,KE,6,36.70350118,-0.55053576
748,1105,KE,6,36.70802283,-0.4601373
749,1106,KE,6,36.73228077,-0.41946431
750,1107,KE,6,36.72417057,-0.50805516
751,1108,KE,6,36.72776538,-0.4999203
752,1109,KE,6,36.73317902,-0.41856056
753,1110,KE,6,36.72866338,-0.49992062
754,1111,KE,6,36.7277647,-0.50190913
755,1112,KE,6,36.72059968,-0.44386917
756,1113,KE,6,36.73315977,-0.4809378
757,1114,KE,6,36.73136347,-0.48184122
758,1115,KE,6,36.73226147,-0.48184152
759,1116,KE,6,36.73495606,-0.48003438
760,1117,KE,6,36.73226177,-0.4809375
761,1118,KE,6,36.73046903,-0.47099272
762,1119,KE,6,36.73405806,-0.48003408
763,1120,KE,6,36.72239675,-0.44025368
764,1121,KE,6,36.70622658,-0.46104072
765,1122,KE,6,36.73048505,-0.41855977
766,1123,KE,6,36.72060023,-0.44206115
767,1124,KE,6,36.73136644,-0.47280105
768,1125,KE,6,36.72329501,-0.43934995
769,1126,KE,6,36.73496017,-0.46737812
770,1127,KE,6,36.73496046,-0.4664741
771,1128,KE,6,36.72239342,-0.45110182
772,1129,KE,6,36.71160585,-0.48725859
773,1130,KE,6,36.72506889,-0.50715147
774,1131,KE,6,36.72596657,-0.5080558
775,1132,KE,6,36.73226177,-0.4809375
776,1133,KE,6,36.73316243,-0.47280164
777,1134,KE,6,36.70442106,-0.48996813
778,1135,KE,6,36.71610752,-0.45109983
779,1136,KE,6,36.71431183,-0.45019526
780,1137,KE,6,36.72330526,-0.40409348
781,1138,KE,6,36.71520981,-0.45019554
782,1139,KE,6,36.7134257,-0.41041873
783,1140,KE,6,36.72239565,-0.44386973
784,1141,KE,6,36.70980958,-0.48816198
785,1142,KE,6,36.70981019,-0.48635397
786,1143,KE,6,36.72505849,-0.53607987
787,1144,KE,6,36.73136673,-0.47189703
788,1145,KE,6,36.73136437,-0.47912917
789,1146,KE,6,36.73046785,-0.47460879
790,1147,KE,6,36.71161619,-0.45561844
791,1148,KE,6,36.69275754,-0.45922835
792,1149,KE,6,36.71159022,-0.5315548
793,1150,KE,6,36.71069256,-0.53065046
794,1151,KE,6,36.72150175,-0.43030929
795,1152,KE,6,36.67746997,-0.52340613
796,1153,KE,6,36.73136761,-0.46918498
797,1154,KE,6,36.72238383,-0.48093419
798,1155,KE,6,36.72058513,-0.48906967
799,1156,KE,6,36.71968622,-0.4917814
800,1157,KE,6,36.68380435,-0.36792276
801,1158,KE,6,36.68915075,-0.50352269
802,1159,KE,6,36.69815782,-0.41855028
803,1160,KE,6,36.67662486,-0.3516492
804,1161,KE,6,36.70981646,-0.4673699
805,1162,KE,6,36.71250865,-0.47279482
806,1163,KE,6,36.7098147,-0.47279392
807,1164,KE,6,36.70619959,-0.53878479
808,1165,KE,6,36.70171795,-0.51618314
809,1166,KE,6,36.69722869,-0.51437351
810,1167,KE,6,36.541959,-0.26574462
811,1168,KE,6,36.6819958,-0.41402556
812,1169,KE,6,36.7160985,-0.47912406
813,1170,KE,6,36.6864562,-0.5053297
814,1171,KE,6,36.6882531,-0.50261838
815,1172,KE,6,36.68645652,-0.50442572
816,1173,KE,6,36.690988,-0.36792464
817,1174,KE,6,36.67212982,-0.3724396
818,1175,KE,6,36.69366772,-0.41945295
819,1176,KE,6,36.68915297,-0.49719476
820,1177,KE,6,36.69184783,-0.49448373
821,1178,KE,6,36.69184751,-0.49538773
822,1179,KE,6,36.71250894,-0.47189081
823,1180,KE,6,36.72956927,-0.47641652
824,1181,KE,6,36.72957015,-0.47370447
825,1182,KE,6,36.70621856,-0.48544874
826,1183,KE,6,36.72418308,-0.47099066
827,1184,KE,6,36.72329556,-0.43754192
828,1185,KE,6,36.70352764,-0.47640783
829,1186,KE,6,36.72328212,-0.48003048
830,1187,KE,6,36.67929683,-0.43120046
831,1188,KE,6,36.70804603,-0.3805851
832,1189,KE,6,36.71968713,-0.48906937
833,1190,KE,6,36.69005559,-0.48363522
834,1191,KE,6,36.73136644,-0.47280105
835,1192,KE,6,36.73226117,-0.48274554
836,1193,KE,6,36.72148881,-0.47189378
837,1194,KE,6,36.73136585,-0.47460908
838,1195,KE,6,36.71522165,-0.41041925
839,1196,KE,6,36.71431789,-0.43030712
840,1197,KE,6,36.70351163,-0.52251178
841,1198,KE,6,36.69365696,-0.45470867
842,1199,KE,6,36.69365638,-0.45651666
843,1200,KE,6,36.67477639,-0.52250114
844,1201,KE,6,36.71521587,-0.4303074
845,1202,KE,6,36.68016421,-0.52250315
846,1203,KE,6,36.69005125,-0.49629109
847,1204,KE,6,36.69005157,-0.4953871
848,1205,KE,6,36.71431789,-0.43030712
849,1206,KE,6,36.69184276,-0.5089476
850,1207,KE,6,36.59763132,-0.24225345
851,1208,KE,6,36.59852921,-0.24225361
852,1209,KE,6,36.54823972,-0.28653552
853,1210,KE,6,36.73046815,-0.47370477
854,1211,KE,6,36.73316418,-0.46737753
855,1212,KE,6,36.73495959,-0.46918615
856,1213,KE,6,36.55812269,-0.25399709
857,1214,KE,6,36.72509971,-0.40951807
858,1215,KE,6,36.71428016,-0.54240387
859,1216,KE,6,36.7223992,-0.43211758
860,1217,KE,6,36.73406189,-0.46828184
861,1218,KE,6,36.69188643,-0.36611689
862,1219,KE,6,36.72505783,-0.5378879
863,1220,KE,6,36.72415982,-0.53788756
864,1221,KE,6,36.59403732,-0.25581174
865,1222,KE,6,36.60750651,-0.25129459
866,1223,KE,6,36.61827789,-0.26937546
867,1224,KE,6,36.60571055,-0.25219819
868,1225,KE,6,36.67033393,-0.37243912
869,1226,KE,6,36.67033369,-0.3733431
870,1227,KE,6,36.70974204,-0.65811452
871,1228,KE,6,36.67123164,-0.37334334
872,1229,KE,6,36.67123187,-0.37243936
873,1230,KE,6,36.67123211,-0.37153538
874,1231,KE,6,36.5958126,-0.3489168
875,1232,KE,6,36.60750634,-0.25219852
876,1233,KE,6,36.64430396,-0.33175389
877,1234,KE,6,36.64430417,-0.33084993
878,1235,KE,6,36.59850444,-0.35614894
879,1236,KE,6,36.60480147,-0.30733808
880,1237,KE,6,36.61737999,-0.26937528
881,1238,KE,6,36.6002969,-0.36880446
882,1239,KE,6,36.59850086,-0.36970791
883,1240,KE,6,36.60119407,-0.37151651
884,1241,KE,6,36.61108737,-0.30462768
885,1242,KE,6,36.61288297,-0.30553202
886,1243,KE,6,36.60210958,-0.29920207
887,1244,KE,6,36.6416125,-0.32180969
888,1245,KE,6,36.60121207,-0.29739401
889,1246,KE,6,36.60210938,-0.30010601
890,1247,KE,6,36.61465536,-0.39773449
891,1248,KE,6,36.60749476,-0.30914657
892,1249,KE,6,36.59850537,-0.35253322
893,1250,KE,6,36.64520336,-0.32542637
894,1251,KE,6,36.59580692,-0.3706111
895,1252,KE,6,36.60749656,-0.30101113
896,1253,KE,6,36.6209418,-0.39412053
897,1254,KE,6,36.64699795,-0.33085057
898,1255,KE,6,36.64699731,-0.33356246
899,1256,KE,6,36.64699752,-0.3326585
900,1257,KE,6,36.6452021,-0.33085014
901,1258,KE,6,36.60839407,-0.30281921
902,1259,KE,6,36.70705615,-0.64003326
903,1260,KE,6,36.71245249,-0.62105159
904,1261,KE,6,36.69539513,-0.6101962
905,1262,KE,6,36.61377967,-0.31095587
906,1263,KE,6,36.61378007,-0.30914799
907,1264,KE,6,36.59851721,-0.30281701
908,1265,KE,6,36.62184099,-0.38960106
909,1266,KE,6,36.60568646,-0.3606705
910,1267,KE,6,36.70795973,-0.62737764
911,1268,KE,6,36.69000911,-0.60567392
912,1269,KE,6,36.69180432,-0.60748268
913,1270,KE,6,36.61467918,-0.30372454
914,1271,KE,6,36.61378127,-0.30372434
915,1272,KE,6,36.61378088,-0.30553222
916,1273,KE,6,36.62004362,-0.39502422
917,1274,KE,6,36.70885734,-0.62828204
918,1275,KE,6,36.71243067,-0.66986782
919,1276,KE,6,36.68462762,-0.59030383
920,1277,KE,6,36.68462725,-0.59120782
921,1278,KE,6,36.71065295,-0.62918684
922,1279,KE,6,36.71065256,-0.63009084
923,1280,KE,6,36.60838807,-0.3290334
924,1281,KE,6,36.61198159,-0.3208988
925,1282,KE,6,36.69000757,-0.60928988
926,1283,KE,6,36.60839367,-0.30462708
927,1284,KE,6,36.63443099,-0.31367242
928,1285,KE,6,36.61198507,-0.30553182
929,1286,KE,6,36.61645376,-0.38869558
930,1287,KE,6,36.62635236,-0.30191923
931,1288,KE,6,36.6353285,-0.31548053
932,1289,KE,6,36.64879465,-0.32723514
933,1290,KE,6,36.64789693,-0.32633097
934,1291,KE,6,36.61019784,-0.26395023
935,1292,KE,6,36.61199329,-0.26575846
936,1293,KE,6,36.6075038,-0.26575758
937,1294,KE,6,36.61467572,-0.31909155
938,1295,KE,6,36.62185316,-0.34349979
939,1296,KE,6,36.61915897,-0.345307
940,1297,KE,6,36.59044662,-0.25129143
941,1298,KE,6,36.640715,-0.32000156
942,1299,KE,6,36.64520357,-0.32452241
943,1300,KE,6,36.66224087,-0.41401972
944,1301,KE,6,36.66224271,-0.40769191
945,1302,KE,6,36.66763962,-0.37424635
946,1303,KE,6,36.60838134,-0.35615153
947,1304,KE,6,36.58954955,-0.24677163
948,1305,KE,6,36.64340452,-0.3380814
949,1306,KE,6,36.64430288,-0.3362737
950,1307,KE,6,36.64250594,-0.34079306
951,1308,KE,6,36.64879295,-0.33446686
952,1309,KE,6,36.66226151,-0.33627805
953,1310,KE,6,36.60840489,-0.24858294
954,1311,KE,6,36.61917597,-0.26847169
955,1312,KE,6,36.61827789,-0.26937546
956,1313,KE,7,37.31250229,-0.35495198
957,1314,KE,7,37.31205314,-0.35495189
958,1315,KE,7,37.31250213,-0.35585631
959,1316,KE,7,37.31295103,-0.3572129
960,1317,KE,7,37.31384908,-0.35856957
961,1318,KE,7,37.31070436,-0.36218633
962,1319,KE,7,37.31070478,-0.35992549
963,1320,KE,7,37.31070511,-0.35811682
964,1321,KE,7,37.31115385,-0.36037774
965,1322,KE,7,37.31115351,-0.36218641
966,1323,KE,7,37.56316654,-0.13838008
967,1324,KE,7,37.5622682,-0.13747558
968,1325,KE,7,37.56047142,-0.13747547
969,1326,KE,7,37.56047147,-0.13657103
970,1327,KE,7,37.56406504,-0.13657124
971,1328,KE,7,37.56226842,-0.1338578
972,1329,KE,7,37.56496344,-0.1365713
973,1330,KE,7,37.56406499,-0.13747569
974,1331,KE,7,37.5640651,-0.1356668
975,1332,KE,7,37.56316665,-0.13657119
976,1333,KE,7,37.53845344,-0.22972649
977,1334,KE,7,37.54159779,-0.22972681
978,1335,KE,7,37.54384381,-0.22927483
979,1336,KE,7,37.54608965,-0.23063171
980,1337,KE,7,37.51913384,-0.26861485
981,1338,KE,7,37.52003212,-0.26951939
982,1339,KE,7,37.52093039,-0.27042392
983,1340,KE,7,37.52182509,-0.29936573
984,1341,KE,7,37.52227758,-0.27358959
985,1342,KE,7,37.59640588,-0.16099353
986,1343,KE,7,37.59460913,-0.16008895
987,1344,KE,7,37.59281238,-0.15918437
988,1345,KE,7,37.59191422,-0.15556649
989,1346,KE,7,37.59146514,-0.15375754
990,1347,KE,7,37.58966827,-0.15466188
991,1348,KE,7,37.58832072,-0.15375733
992,1349,KE,7,37.59011765,-0.15194854
993,1350,KE,7,37.59101617,-0.15013969
994,1351,KE,7,37.59281309,-0.14833089
995,1352,KE,7,37.59640557,-0.16551582
996,1353,KE,7,37.59550723,-0.1646113
997,1354,KE,7,37.59460895,-0.16280232
998,1355,KE,7,37.59281198,-0.16506334
999,1356,KE,7,37.59191373,-0.16280214
1000,1357,KE,7,37.59146465,-0.16099319
1001,1358,KE,7,37.59056637,-0.15918422
1002,1359,KE,7,37.58921889,-0.15737521
1003,1360,KE,7,37.58742214,-0.15647064
1004,1361,KE,7,37.58562539,-0.15556606
1005,1362,KE,7,37.57483435,-0.26771707
1006,1363,KE,7,37.55057525,-0.28670744
1007,1364,KE,7,37.55416815,-0.29213454
1008,1365,KE,7,37.5595582,-0.29484857
1009,1366,KE,7,37.5604559,-0.30027535
1010,1367,KE,7,37.57752452,-0.30841765
1011,1368,KE,7,37.57842329,-0.30570442
1012,1369,KE,7,37.58201669,-0.30751381
1013,1370,KE,7,37.54787457,-0.32740683
1014,1371,KE,7,37.5424856,-0.31745724
1015,1372,KE,7,37.54877335,-0.32469365
1016,1373,KE,7,37.5496715,-0.32650266
1017,1374,KE,7,37.55506164,-0.32831232
1018,1375,KE,7,37.54607867,-0.32107551
1019,1376,KE,7,37.53979016,-0.31926573
1020,1377,KE,7,37.54248496,-0.32197943
1021,1378,KE,7,37.54338374,-0.31926625
1022,1379,KE,7,37.54697694,-0.32198007
1023,1380,KE,7,37.55326431,-0.33192982
1024,1381,KE,7,37.55326418,-0.33283426
1025,1382,KE,7,37.55506112,-0.33193009
1026,1383,KE,7,37.55416245,-0.33373884
1027,1384,KE,7,37.55506072,-0.33464341
1028,1385,KE,7,37.5838123,-0.31655857
1029,1386,KE,7,37.58740692,-0.30932343
1030,1387,KE,7,37.58920387,-0.30841922
1031,1388,KE,7,37.59279704,-0.31203752
1032,1389,KE,7,37.59549265,-0.30932451
1033,1390,KE,7,37.59728948,-0.30932475
1034,1391,KE,7,37.59998438,-0.31203849
1035,1392,KE,7,37.60267963,-0.31203885
1036,1393,KE,7,37.59280252,-0.26771916
1037,1394,KE,7,37.59100559,-0.26862341
1038,1395,KE,7,37.5910058,-0.26681449
1039,1396,KE,7,37.58831036,-0.26862309
1040,1397,KE,7,37.57304122,-0.23380003
1041,1398,KE,7,37.58741215,-0.26681408
1042,1399,KE,7,37.58471682,-0.26771822
1043,1400,KE,7,37.5820217,-0.26681346
1044,1401,KE,7,37.57573307,-0.26500382
1045,1402,KE,7,37.56585146,-0.25776711
1046,1403,KE,7,37.58202282,-0.25686448
1047,1404,KE,7,37.56135966,-0.25595771
1048,1405,KE,7,37.55956287,-0.25595751
1049,1406,KE,7,37.55776617,-0.25505286
1050,1407,KE,7,37.55507128,-0.25233923
1051,1408,KE,7,37.58381852,-0.26681366
1052,1409,KE,7,37.5757366,-0.23199141
1053,1410,KE,7,37.57483834,-0.23063464
1054,1411,KE,7,37.5829199,-0.26862246
1055,1412,KE,7,37.58022468,-0.26862215
1056,1413,KE,7,37.57842766,-0.27043084
1057,1414,KE,7,37.57573255,-0.26952607
1058,1415,KE,7,37.34034379,-0.38706144
1059,1416,KE,7,37.3376492,-0.38525221
1060,1417,KE,7,37.33585327,-0.38163447
1061,1418,KE,7,37.33315885,-0.37892091
1062,1419,KE,7,37.33315937,-0.37620787
1063,1420,KE,7,37.51374431,-0.26228322
1064,1421,KE,7,37.51194745,-0.26318743
1065,1422,KE,7,37.51284572,-0.26409196
1066,1423,KE,7,37.51464253,-0.26363996
1067,1424,KE,7,37.51554075,-0.26499671
1068,1425,KE,7,37.51464226,-0.26590103
1069,1426,KE,7,37.51643902,-0.26590124
1070,1427,KE,7,37.51823568,-0.26680589
1071,1428,KE,7,37.51733708,-0.26861463
1072,1429,KE,7,37.51913363,-0.2704237
1073,1430,KE,7,37.52811703,-0.27404253
1074,1431,KE,7,37.53171047,-0.2749474
1075,1432,KE,7,37.52811681,-0.27585139
1076,1433,KE,7,37.52991347,-0.27675604
1077,1434,KE,7,37.53350702,-0.27675649
1078,1435,KE,7,37.53620197,-0.27856569
1079,1436,KE,7,37.53889669,-0.28218377
1080,1437,KE,7,37.54069348,-0.282184
1081,1438,KE,7,37.54114245,-0.28399293
1082,1439,KE,7,37.54248981,-0.28580197
1083,1440,KE,7,37.53799796,-0.28489696
1084,1441,KE,7,37.53889624,-0.28580151
1085,1442,KE,7,37.54248958,-0.28761084
1086,1443,KE,7,37.54608327,-0.28670687
1087,1444,KE,7,37.54428637,-0.28761107
1088,1445,KE,7,37.50835457,-0.25776046
1089,1446,KE,7,37.50835436,-0.2595693
1090,1447,KE,7,37.51015122,-0.25866509
1091,1448,KE,7,37.5101509,-0.26137836
1092,1449,KE,7,37.51104923,-0.26183068
1093,1450,KE,7,37.31339952,-0.36083033
1094,1451,KE,7,37.31429731,-0.36354351
1095,1452,KE,7,37.31248411,-0.44402906
1096,1453,KE,7,37.31338201,-0.44583794
1097,1454,KE,7,37.31293265,-0.44674217
1098,1455,KE,7,37.54968289,-0.23379762
1099,1456,KE,7,37.56046354,-0.23470318
1100,1457,KE,7,37.56001452,-0.23289425
1101,1458,KE,7,37.56450651,-0.23289471
1102,1459,KE,7,37.56944738,-0.23606078
1103,1460,KE,7,37.48230876,-0.18992648
1104,1461,KE,7,37.48949552,-0.19173595
1105,1462,KE,7,37.49353784,-0.19535397
1106,1463,KE,7,37.47691867,-0.18902159
1107,1464,KE,7,37.55147945,-0.23605891
1108,1465,KE,7,37.47960911,-0.23650339
1109,1466,KE,7,37.50117208,-0.2157041
1110,1467,KE,7,37.56675214,-0.23651272
1111,1468,KE,7,37.54698753,-0.23560622
1112,1469,KE,7,37.54878492,-0.22972755
1113,1470,KE,7,37.52812264,-0.22339441
1114,1471,KE,7,37.52587646,-0.22565526
1115,1472,KE,7,37.53036842,-0.2252035
1116,1473,KE,7,37.52812219,-0.22791656
1117,1474,KE,7,37.5303681,-0.22836901
1118,1475,KE,7,37.52408019,-0.22068071
1119,1476,KE,7,37.52722457,-0.22022881
1120,1477,KE,7,37.52363064,-0.22429838
1121,1478,KE,7,37.49623295,-0.19535421
1122,1479,KE,7,37.4957836,-0.19716301
1123,1480,KE,7,37.51105397,-0.21796613
1124,1481,KE,7,37.50476722,-0.19806824
1125,1482,KE,7,37.50252113,-0.19987688
1126,1483,KE,7,37.51734309,-0.21299241
1127,1484,KE,7,37.50925872,-0.20213855
1128,1485,KE,7,37.50746254,-0.19580743
1129,1486,KE,7,37.51330017,-0.21525308
1130,1487,KE,7,37.51599409,-0.2274631
1131,1488,KE,7,37.53441051,-0.23153494
1132,1489,KE,7,37.53351208,-0.23198706
1133,1490,KE,7,37.54474193,-0.23198823
1134,1491,KE,7,37.50656339,-0.20439936
1135,1492,KE,7,37.45175186,-0.30116479
1136,1493,KE,7,37.44905615,-0.30568639
1137,1494,KE,7,37.45175135,-0.30478239
1138,1495,KE,7,37.45085274,-0.30659105
1139,1496,KE,7,37.4490551,-0.31292157
1140,1497,KE,7,37.45264906,-0.30930451
1141,1498,KE,7,37.45534374,-0.31201811
1142,1499,KE,7,37.45175031,-0.31201757
1143,1500,KE,7,37.45444498,-0.31473117
1144,1501,KE,7,37.45623232,-0.31744464
1145,1502,KE,7,37.45264786,-0.3174441
1146,1503,KE,7,37.45624103,-0.31925344
1147,1504,KE,7,37.45264732,-0.3210617
1148,1505,KE,7,37.45354527,-0.32377503
1149,1506,KE,7,37.45624076,-0.32106224
1150,1507,KE,7,37.45624049,-0.32287105
1151,1508,KE,7,37.45713858,-0.32467998
1152,1509,KE,7,37.4562398,-0.32739305
1153,1510,KE,7,37.46162997,-0.32739388
1154,1511,KE,7,37.45713803,-0.32829759
1155,1512,KE,7,37.46252792,-0.33010723
1156,1513,KE,7,37.46522274,-0.33191646
1157,1514,KE,7,37.46701919,-0.33372555
1158,1515,KE,7,37.46791742,-0.3346301
1159,1516,KE,7,37.47061238,-0.33553493
1160,1517,KE,7,37.4751038,-0.33824886
1161,1518,KE,7,37.46701877,-0.33643876
1162,1519,KE,7,37.46971359,-0.338248
1163,1520,KE,7,37.47330692,-0.33915298
1164,1521,KE,7,37.47690011,-0.34096237
1165,1522,KE,7,37.55328682,-0.0859219
1166,1523,KE,7,37.55418524,-0.08501749
1167,1524,KE,7,37.55508366,-0.08411308
1168,1525,KE,7,37.55508369,-0.08320864
1169,1526,KE,7,37.55598211,-0.08230423
1170,1527,KE,7,37.5523885,-0.08411298
1171,1528,KE,7,37.55238853,-0.08320854
1172,1529,KE,7,37.55283776,-0.08230412
1173,1530,KE,7,37.55328695,-0.08230413
1174,1531,KE,7,37.553287,-0.08094747
1175,1532,KE,7,37.54699835,-0.07959059
1176,1533,KE,7,37.54744754,-0.0795906
1177,1534,KE,7,37.54924429,-0.08004289
1178,1535,KE,7,37.54699833,-0.08004281
1179,1536,KE,7,37.5478967,-0.08049506
1180,1537,KE,7,37.54654915,-0.07959057
1181,1538,KE,7,37.54654912,-0.08049501
1182,1539,KE,7,37.54699828,-0.08139947
1183,1540,KE,7,37.54744746,-0.0818517
1184,1541,KE,7,37.54789665,-0.08185172
1185,1542,KE,7,37.54879471,-0.09044392
1186,1543,KE,7,37.54879507,-0.08094731
1187,1544,KE,7,37.54969347,-0.08049512
1188,1545,KE,7,37.54969349,-0.0800429
1189,1546,KE,7,37.5496935,-0.07959068
1190,1547,KE,7,37.55014256,-0.08320846
1191,1548,KE,7,37.55059179,-0.08230404
1192,1549,KE,7,37.55149021,-0.08139963
1193,1550,KE,7,37.55149024,-0.08049519
1194,1551,KE,7,37.55193947,-0.07959076
1195,1552,KE,7,37.17013847,-0.29207818
1196,1553,KE,7,37.16609632,-0.29298179
1197,1554,KE,7,37.17013825,-0.29343458
1198,1555,KE,7,37.17148559,-0.29343481
1199,1556,KE,7,37.17328226,-0.2920787
1200,1557,KE,7,37.17597702,-0.29162701
1201,1558,KE,7,37.17418064,-0.29117458
1202,1559,KE,7,37.17822266,-0.29117524
1203,1560,KE,7,37.18046853,-0.28936706
1204,1561,KE,7,37.18271453,-0.2866546
1205,1562,KE,7,37.57124414,-0.23651319
1206,1563,KE,7,37.57259215,-0.23244331
1207,1564,KE,7,37.55731934,-0.23289397
1208,1565,KE,7,37.55686995,-0.23470281
1209,1566,KE,7,37.55417472,-0.23515475
1210,1567,KE,7,37.31429978,-0.34997845
1211,1568,KE,7,37.31340181,-0.34816962
1212,1569,KE,7,37.31340245,-0.34455227
1213,1570,KE,7,37.31295377,-0.34183918
1214,1571,KE,7,37.31295409,-0.34003051
1215,1572,KE,7,37.06368967,-0.35716342
1216,1573,KE,7,37.0654864,-0.35535538
1217,1574,KE,7,37.06728313,-0.35354733
1218,1575,KE,7,37.06907985,-0.35173928
1219,1576,KE,7,37.07087658,-0.34993122
1220,1577,KE,7,37.05785569,-0.3368175
1221,1578,KE,7,37.0601012,-0.33636585
1222,1579,KE,7,37.06189755,-0.33636621
1223,1580,KE,7,37.06099955,-0.33546182
1224,1581,KE,7,37.0645918,-0.33772306
1225,1582,KE,7,37.11761247,-0.1315669
1226,1583,KE,7,37.11940888,-0.13111491
1227,1584,KE,7,37.12165442,-0.13021084
1228,1585,KE,7,37.1238999,-0.13021101
1229,1586,KE,7,37.12524722,-0.12975899
1230,1587,KE,7,37.12928913,-0.12930717
1231,1588,KE,7,37.13378001,-0.13066387
1232,1589,KE,7,37.1360254,-0.13202041
1233,1590,KE,7,37.13647467,-0.12975982
1234,1591,KE,7,37.13871997,-0.13247274
1235,1592,KE,7,37.11626528,-0.13021044
1236,1593,KE,7,37.11851079,-0.12975848
1237,1594,KE,7,37.12120543,-0.12885444
1238,1595,KE,7,37.12120536,-0.12975869
1239,1596,KE,7,37.12434926,-0.12659407
1240,1597,KE,7,37.12479823,-0.12840259
1241,1598,KE,7,37.12928919,-0.12840292
1242,1599,KE,7,37.12839106,-0.12749861
1243,1600,KE,7,37.13018758,-0.12569025
1244,1601,KE,7,37.13378024,-0.127499
1245,1602,KE,7,37.13782013,-0.15281831
1246,1603,KE,7,37.14096368,-0.15462708
1247,1604,KE,7,37.14051442,-0.15643555
1248,1605,KE,7,37.13467643,-0.15281803
1249,1606,KE,7,37.13557439,-0.15553086
1250,1607,KE,7,37.12928721,-0.15326968
1251,1608,KE,7,37.13108348,-0.15462621
1252,1609,KE,7,37.13198192,-0.15191355
1253,1610,KE,7,37.13287992,-0.15417425
1254,1611,KE,7,37.13377831,-0.1519137
1255,1612,KE,7,37.15174086,-0.16864402
1256,1613,KE,7,37.14455447,-0.17632949
1257,1614,KE,7,37.147249,-0.17723402
1258,1615,KE,7,37.15084169,-0.17859076
1259,1616,KE,7,38.05193709,-0.17911212
1260,1617,KE,7,37.15353672,-0.17452187
1261,1618,KE,7,37.15892598,-0.1745224
1262,1619,KE,7,37.15712916,-0.1785914
1263,1620,KE,7,37.16072205,-0.17813963
1264,1621,KE,7,37.1652133,-0.17633155
1265,1622,KE,7,37.1643149,-0.17813999
1266,1623,KE,7,37.17060237,-0.17859275
1267,1624,KE,7,37.17509316,-0.18175815
1268,1625,KE,7,37.17958422,-0.18221074
1269,1626,KE,7,37.18317679,-0.18537606
1270,1627,KE,7,37.1795838,-0.18627996
1271,1628,KE,7,37.16341651,-0.17994843
1272,1629,KE,7,37.16880562,-0.1817575
1273,1630,KE,7,37.17329653,-0.1835665
1274,1631,KE,7,37.16611097,-0.18175723
1275,1632,KE,7,37.17150099,-0.17452364
1276,1633,KE,7,37.1252479,-0.12026443
1277,1634,KE,7,37.12749341,-0.11981246
1278,1635,KE,7,37.12659515,-0.12071664
1279,1636,KE,7,37.12884064,-0.1207168
1280,1637,KE,7,37.12928983,-0.11936046
1281,1638,KE,7,37.13108609,-0.12116908
1282,1639,KE,7,37.13198447,-0.1184564
1283,1640,KE,7,37.13288291,-0.11483947
1284,1641,KE,7,37.13378087,-0.11845652
1285,1642,KE,7,37.13378068,-0.12116927
1286,1643,KE,7,37.13378078,-0.11981289
1287,1644,KE,7,37.13782282,-0.11755254
1288,1645,KE,7,37.13737354,-0.12026526
1289,1646,KE,7,37.13692431,-0.12207373
1290,1647,KE,7,37.14096627,-0.12116976
1291,1648,KE,7,37.1418646,-0.11936132
1292,1649,KE,7,37.12883767,-0.15824299
1293,1650,KE,7,37.12749026,-0.15959924
1294,1651,KE,7,37.12883751,-0.16005148
1295,1652,KE,7,37.16835745,-0.17226267
1296,1653,KE,7,37.16701017,-0.1718104
1297,1654,KE,7,37.16251901,-0.17271423
1298,1655,KE,7,37.16027365,-0.17090549
1299,1656,KE,7,37.13018456,-0.16276435
1300,1657,KE,7,37.16072271,-0.17135766
1301,1658,KE,7,37.12659219,-0.15824279
1302,1659,KE,7,37.15353732,-0.16819206
1303,1660,KE,7,37.15623195,-0.16819232
1304,1661,KE,7,37.15937573,-0.16774049
1305,1662,KE,7,37.16162131,-0.16728857
1306,1663,KE,7,37.16027394,-0.16774057
1307,1664,KE,7,37.15533374,-0.16819224
1308,1665,KE,7,37.16207037,-0.16774074
1309,1666,KE,7,37.16207041,-0.16728861
1310,1667,KE,7,37.16790889,-0.1663849
1311,1668,KE,7,37.25863828,0.00045216
1312,1669,KE,7,37.25684177,0.00090431
1313,1670,KE,7,37.25908741,1e-08
1314,1671,KE,7,37.26223131,-0.00090431
1315,1672,KE,7,37.11758568,-0.33366447
1316,1673,KE,7,37.11938226,-0.33276057
1317,1674,KE,7,37.12117866,-0.33276092
1318,1675,KE,7,37.12207712,-0.33140473
1319,1676,KE,7,37.12297558,-0.33004853
1320,1677,KE,7,37.13824791,-0.31467917
1321,1678,KE,7,37.14273976,-0.31015871
1322,1679,KE,7,37.14093959,-0.33095618
1323,1680,KE,7,37.12746728,-0.32643241
1324,1681,KE,7,37.12836515,-0.32824107
1325,1682,KE,7,37.24651184,0.00542583
1326,1683,KE,7,37.24516446,0.00678228
1327,1684,KE,7,37.24516445,0.00904304
1328,1685,KE,7,37.24426574,-0.04250228
1329,1686,KE,7,37.22764849,-0.02622457
1330,1687,KE,7,37.22899584,-0.02712889
1331,1688,KE,7,37.23079231,-0.02803321
1332,1689,KE,7,37.23438529,-0.02803327
1333,1690,KE,7,37.23348703,-0.02893755
1334,1691,KE,7,37.23618172,-0.03165049
1335,1692,KE,7,37.23752906,-0.03345912
1336,1693,KE,7,37.23797815,-0.03526773
1337,1694,KE,7,37.2406729,-0.03526778
1338,1695,KE,7,37.2397746,-0.03798067
1339,1696,KE,7,37.24157107,-0.03888501
1340,1697,KE,7,37.24336763,-0.03617213
1341,1698,KE,7,37.24336753,-0.04069365
1342,1699,KE,7,37.24606231,-0.0397894
1343,1700,KE,7,37.23258873,-0.03255473
1344,1701,KE,7,37.2343852,-0.03345906
1345,1702,KE,7,37.23528343,-0.03436338
1346,1703,KE,7,37.23618164,-0.03617199
1347,1704,KE,7,37.23528332,-0.03978917
1348,1705,KE,7,37.2379781,-0.03798063
1349,1706,KE,7,37.23797804,-0.04069353
1350,1707,KE,7,37.23887631,-0.03978925
1351,1708,KE,7,37.24157104,-0.04069361
1352,1709,KE,7,37.24246927,-0.04159793
1353,1710,KE,7,37.22270817,-0.0262245
1354,1711,KE,7,37.22540286,-0.02803313
1355,1712,KE,7,37.22809757,-0.02893747
1356,1713,KE,7,37.23079229,-0.02984181
1357,1714,KE,7,37.22989401,-0.03165039
1358,1715,KE,7,37.21372587,-0.01989435
1359,1716,KE,7,37.2146241,-0.02079865
1360,1717,KE,7,37.21821705,-0.0198944
1361,1718,KE,7,37.21821703,-0.02170298
1362,1719,KE,7,37.2200135,-0.0226073
1363,1720,KE,7,37.2128276,-0.02260721
1364,1721,KE,7,37.21462407,-0.02260723
1365,1722,KE,7,37.21462406,-0.02351152
1366,1723,KE,7,37.21642055,-0.02260725
1367,1724,KE,7,37.21911522,-0.02532016
1368,1725,KE,7,37.49579245,-0.00452209
1369,1726,KE,7,37.4966908,-0.00723534
1370,1727,KE,7,37.49758915,-0.0099486
1371,1728,KE,7,37.49489406,-0.01085301
1372,1729,KE,7,37.49669078,-0.01266185
1373,1730,KE,7,37.49130061,-0.01085299
1374,1731,KE,7,37.4895039,-0.00994856
1375,1732,KE,7,37.48950389,-0.01175739
1376,1733,KE,7,37.49309732,-0.01356625
1377,1734,KE,7,37.48995305,-0.01447064
1378,1735,KE,7,37.48815635,-0.01130518
1379,1736,KE,7,37.48815634,-0.01356622
1380,1737,KE,7,37.48860551,-0.01447063
1381,1738,KE,7,37.48950386,-0.01627947
1382,1739,KE,7,37.48950384,-0.01899271
1383,1740,KE,7,37.48680881,-0.01085297
1384,1741,KE,7,37.48725802,-0.00361766
1385,1742,KE,7,37.48591047,-0.00633089
1386,1743,KE,7,37.48591048,-0.00316545
1387,1744,KE,7,37.4832154,-0.00316544
1388,1745,KE,7,37.48591045,-0.01175737
1389,1746,KE,7,37.48501208,-0.01266178
1390,1747,KE,7,37.4832154,-0.00316544
1391,1748,KE,7,37.48591043,-0.01447061
1392,1749,KE,7,37.48411371,-0.0144706
1393,1750,KE,7,37.27121387,-0.01401691
1394,1751,KE,7,37.27345954,-0.01220829
1395,1752,KE,7,37.27301042,-0.01085181
1396,1753,KE,7,37.46704481,0.03074978
1397,1754,KE,7,37.47018906,0.02939322
1398,1755,KE,7,37.4630023,0.0257755
1399,1756,KE,7,37.46524818,0.02487113
1400,1757,KE,7,37.46210397,0.02351449
1401,1758,KE,7,37.47468071,0.03708075
1402,1759,KE,7,37.47423157,0.03481973
1403,1760,KE,7,37.47198566,0.0361763
1404,1761,KE,7,37.47018898,0.03436746
1405,1762,KE,7,37.25998567,0.00090431
1406,1763,KE,7,37.43155543,-0.14560681
1407,1764,KE,7,37.45985142,-0.17093203
1408,1765,KE,7,37.25684177,-0.00090431
1409,1766,KE,7,37.25908741,-0.00180862
1410,1767,KE,7,37.27390574,-0.10670953
1411,1768,KE,7,37.27211212,-0.01492123
1412,1769,KE,7,37.2792983,-0.00135648
1413,1770,KE,7,37.27705264,-0.00045216
1414,1771,KE,7,37.26627346,-0.00859099
1415,1772,KE,7,37.26762085,-0.00904315
1416,1773,KE,7,37.16341739,-0.17090579
1417,1774,KE,7,37.26312956,-0.0072345
1418,1775,KE,7,37.2819931,-0.00452161
1419,1776,KE,7,38.07125635,-0.17368544
1420,1777,KE,7,37.16431543,-0.17271441
1421,1778,KE,7,37.18138107,-0.17814169
1422,1779,KE,7,37.47512203,-0.18811703
1423,1780,KE,7,37.16880656,-0.17226271
1424,1781,KE,7,37.46030049,-0.17228867
1425,1782,KE,7,37.45895274,-0.17500177
1426,1783,KE,7,37.51016625,0.01627962
1427,1784,KE,7,37.51016627,0.01266193
1428,1785,KE,7,37.51106465,0.01085309
1429,1786,KE,7,37.51196303,0.00813982
1430,1787,KE,7,37.51375978,0.0036177
1431,1788,KE,7,37.51555653,0.00090443
1432,1789,KE,7,37.51915001,-0.00180885
1433,1790,KE,7,37.52094676,-0.00361771
1434,1791,KE,7,37.52184513,-0.00542657
1435,1792,KE,7,37.52184512,-0.00723543
1436,1793,KE,7,37.51375964,0.0253239
1437,1794,KE,7,37.24516432,0.02441621
1438,1795,KE,7,37.24606259,0.02260762
1439,1796,KE,7,37.25459612,0.00361724
1440,1797,KE,7,37.25774002,0.00361724
1441,1798,KE,7,37.24426604,0.02667696
1442,1799,KE,7,37.24696083,0.02351193
1443,1800,KE,7,37.24785912,0.02034687
1444,1801,KE,7,37.25055393,0.01446891
1445,1802,KE,7,37.25055395,0.01175599
1446,1803,KE,7,37.23708003,0.02803331
1447,1804,KE,7,37.23797828,0.02803332
1448,1805,KE,7,37.23887652,0.02803334
1449,1806,KE,7,37.23932566,0.02712904
1450,1807,KE,7,37.24022392,0.02622475
1451,1808,KE,7,37.26941737,-0.00994748
1452,1809,KE,7,37.25594351,-0.00226077
1453,1810,KE,7,37.254147,-0.00135646
1454,1811,KE,7,37.27301038,-0.0153734
1455,1812,KE,7,37.25998566,-0.00452156
1456,1813,KE,7,37.26133305,-0.00361725
1457,1814,KE,7,37.20743087,-0.16593641
1458,1815,KE,7,37.16970473,-0.17271493
1459,1816,KE,7,37.16476463,-0.17181019
1460,1817,KE,7,37.17599191,-0.17633262
1461,1818,KE,7,37.16251901,-0.17271423
1462,1819,KE,7,37.16207007,-0.17090566
1463,1820,KE,7,37.50163181,0.00633094
1464,1821,KE,7,37.50297935,0.00813978
1465,1822,KE,7,37.50387771,0.01085305
1466,1823,KE,7,37.50387769,0.01356631
1467,1824,KE,7,37.50567442,0.01447075
1468,1825,KE,7,37.17958532,-0.17090734
1469,1826,KE,7,37.17239972,-0.16909812
1470,1827,KE,7,37.17060329,-0.16909795
1471,1828,KE,7,37.17868684,-0.17362007
1472,1829,KE,7,37.18048328,-0.17362024
1473,1830,KE,7,37.18317787,-0.17452478
1474,1831,KE,7,37.18677077,-0.17452513
1475,1832,KE,7,37.1885673,-0.17362103
1476,1833,KE,7,37.1827284,-0.17814183
1477,1834,KE,7,37.17868649,-0.17723716
1478,1835,KE,7,37.47602024,-0.18992592
1479,1836,KE,7,37.17374658,-0.17407173
1480,1837,KE,7,37.16701038,-0.16954974
1481,1838,KE,7,37.16880681,-0.16954991
1482,1839,KE,7,37.19844795,-0.17226556
1483,1840,KE,7,37.19844808,-0.17090913
1484,1841,KE,7,37.19979509,-0.17452639
1485,1842,KE,7,37.18677046,-0.17769009
1486,1843,KE,7,37.47152876,-0.1863079
1487,1844,KE,7,37.46703747,-0.18042887
1488,1845,KE,7,37.46883392,-0.18359444
1489,1846,KE,7,37.46838455,-0.18585542
1490,1847,KE,7,37.50567446,0.00452211
1491,1848,KE,7,37.50567443,0.0126619
1492,1849,KE,7,37.50387772,0.00813979
1493,1850,KE,7,37.50836954,0.01085307
1494,1851,KE,7,37.50297935,0.00723536
1495,1852,KE,7,37.17060325,-0.16955008
1496,1853,KE,7,37.17239968,-0.16955025
1497,1854,KE,7,37.17419612,-0.16955042
1498,1855,KE,7,37.17599252,-0.17000273
1499,1856,KE,7,37.17868714,-0.17045512
1500,1857,KE,7,37.43290226,-0.155103
1501,1858,KE,7,37.46074992,-0.1691233
1502,1859,KE,7,37.20743071,-0.16774498
1503,1860,KE,7,37.44907179,-0.16369598
1504,1861,KE,7,37.44952093,-0.16414821
1505,1862,KE,7,37.42930901,-0.15374615
1506,1863,KE,7,37.21686237,-0.16593727
1507,1864,KE,7,37.21461677,-0.16593706
1508,1865,KE,7,37.21641297,-0.16910224
1509,1866,KE,7,37.21551468,-0.1695543
1510,1867,KE,7,37.15937577,-0.16728836
1511,1868,KE,7,37.16072288,-0.16954914
1512,1869,KE,7,37.16431573,-0.16954948
1513,1870,KE,7,37.16521395,-0.16954957
1514,1871,KE,7,37.14275876,-0.16909529
1515,1872,KE,7,37.15263903,-0.16909624
1516,1873,KE,7,37.1490462,-0.16909589
1517,1874,KE,7,37.15084261,-0.16909606
1518,1875,KE,7,37.15443545,-0.16909641
1519,1876,KE,7,37.15623187,-0.16909658
1520,1877,KE,7,37.17374636,-0.1763324
1521,1878,KE,7,37.17599174,-0.17814116
1522,1879,KE,7,37.17868635,-0.17859356
1523,1880,KE,7,37.1822792,-0.17904606
1524,1881,KE,7,37.1813808,-0.18085451
1525,1882,KE,7,37.20832911,-0.16593649
1526,1883,KE,7,37.21506569,-0.16819783
1527,1884,KE,7,37.21506569,-0.16819783
1528,1885,KE,7,37.44817331,-0.1655047
1529,1886,KE,7,37.20383773,-0.16819679
1530,1887,KE,7,37.46254574,-0.17997629
1531,1888,KE,7,37.46254633,-0.17274106
1532,1889,KE,7,37.46164769,-0.1763586
1533,1890,KE,7,37.27615427,-0.01944286
1534,1891,KE,7,37.21416749,-0.1677456
1535,1892,KE,7,37.21416745,-0.16819775
1536,1893,KE,7,37.27570514,-0.01944286
1537,1894,KE,7,37.225845,-0.16367734
1538,1895,KE,7,37.22539588,-0.1636773
1539,1896,KE,7,37.22359927,-0.16503359
1540,1897,KE,7,37.21865885,-0.16593743
1541,1898,KE,7,37.22809061,-0.16367754
1542,1899,KE,7,37.22629404,-0.16458168
1543,1900,KE,7,37.21820961,-0.16729383
1544,1901,KE,7,37.22090442,-0.16638978
1545,1902,KE,7,37.22000609,-0.16729399
1546,1903,KE,7,37.21776049,-0.16729379
1547,1904,KE,7,37.4288597,-0.1555549
1548,1905,KE,7,37.28378964,-0.00452161
1549,1906,KE,7,37.28289137,-0.00361729
1550,1907,KE,7,37.42302085,-0.15103253
1551,1908,KE,7,37.42526672,-0.1505805
1552,1909,KE,7,37.42391905,-0.15284136
1553,1910,KE,7,37.42032578,-0.15193671
1554,1911,KE,7,37.42077514,-0.14922359
1555,1912,KE,7,37.46075646,0.02215787
1556,1913,KE,7,37.45895977,0.02170565
1557,1914,KE,7,37.45671391,0.02170562
1558,1915,KE,7,37.45626471,0.02351442
1559,1916,KE,7,37.21820953,-0.16819812
1560,1917,KE,7,37.28289119,-0.02667751
1561,1918,KE,7,37.28199294,-0.02532101
1562,1919,KE,7,37.28064557,-0.02260803
1563,1920,KE,7,37.27795081,-0.01944288
1564,1921,KE,7,37.48051982,0.04702938
1565,1922,KE,7,37.47782476,0.04702932
1566,1937,KE,9,37.30967676,0.98264955
1567,1938,KE,9,37.3101204,0.99256662
1568,1939,KE,9,37.29783272,0.98246153
1569,1940,KE,9,37.30430025,0.96827197
1570,1941,KE,9,37.38764201,1.00425151
1571,1942,KE,9,37.38916694,1.00534407
1572,1943,KE,9,37.38521289,1.017079
1573,1944,KE,9,37.39553181,1.01790304
1574,1945,KE,9,37.39310968,1.01653707
1575,1946,KE,9,37.38961238,1.01189514
1576,1947,KE,9,37.3888951,1.01071199
1577,1948,KE,9,37.32950357,0.98930121
1578,1949,KE,9,37.33946092,0.99467416
1579,1950,KE,9,37.34182046,0.93999534
1580,1951,KE,9,37.34079724,1.01378098
1581,1952,KE,9,37.33902458,0.96974498
1582,1953,KE,9,37.3272591,0.99175656
1583,1954,KE,9,37.32062884,0.97228331
1584,1955,KE,9,37.33014293,0.96655624
1585,1956,KE,9,37.33023314,0.96555549
1586,1957,KE,9,37.32510104,1.00076258
1587,1958,KE,9,37.33525678,0.96801447
1588,1959,KE,9,37.34197794,0.98548628
1589,1960,KE,9,37.34198685,0.96728994
1590,1961,KE,9,37.34189014,0.98157402
1591,1962,KE,9,37.31784047,0.98331346
1592,1963,KE,9,37.33578994,0.97865956
1593,1964,KE,9,37.3330072,0.98093271
1594,1965,KE,9,37.33749548,0.97729569
1595,1966,KE,9,37.32179603,0.9708282
1596,1967,KE,9,37.31900865,0.98247233
1597,1968,KE,9,37.3385658,0.99030659
1598,1969,KE,9,37.33856571,0.99048855
1599,1970,KE,9,37.34108041,0.98594074
1600,1971,KE,9,37.3330081,0.97911308
1601,1972,KE,9,37.33803296,0.97911559
1602,1973,KE,9,37.31918875,0.98119869
1603,1974,KE,9,37.31236491,0.99002032
1604,1975,KE,9,37.169,0.8387
1605,1976,KE,9,37.169,0.8387
1606,1977,KE,9,37.0848,0.9084
1607,1978,KE,9,37.0848,0.9084
1608,1979,KE,9,37.33514569,1.01086666
1609,1980,KE,9,37.3173007,0.98865814
1610,1981,KE,9,37.33911617,0.9659238
1611,1982,KE,9,37.32707726,0.99648748
1612,1983,KE,9,37.3339962,0.97693002
1613,1984,KE,9,37.30205451,0.97336571
1614,1985,KE,9,37.29210394,0.95489184
1615,1986,KE,9,37.29506578,0.9531647
1616,1987,KE,9,37.29246208,0.95643866
1617,1988,KE,9,37.29317859,0.95907743
1618,1989,KE,9,37.38979298,1.00444109
1619,1990,KE,9,37.37330771,0.95684213
1620,1991,KE,9,37.36935481,0.96684837
1621,1992,KE,9,37.36137673,0.9501037
1622,1993,KE,9,37.37547287,0.93182277
1623,1994,KE,9,37.36325486,0.96320611
1624,1995,KE,9,37.37412713,0.93136722
1625,1996,KE,9,37.34870883,0.98321509
1626,1997,KE,9,37.35229938,0.98048741
1627,1998,KE,9,37.34450284,0.95992164
1628,1999,KE,9,37.34638952,0.95500954
1629,2000,KE,9,37.38235189,0.99587839
1630,2001,KE,9,37.3232276,0.97910817
1631,2002,KE,9,37.39032836,1.01571682
1632,2003,KE,9,37.34682072,0.99085664
1633,2004,KE,9,37.36351705,0.97776347
1634,2005,KE,9,37.37596768,1.02253333
1635,2006,KE,9,37.32789939,0.967192
1636,2007,KE,9,37.34287524,0.98548673
1637,2008,KE,9,37.39625433,1.00844105
1638,2009,KE,9,37.32869733,0.98666235
1639,2010,KE,9,37.32807185,0.98138513
1640,2011,KE,9,37.3342617,0.98439063
1641,2012,KE,9,37.32789715,0.97174105
1642,2013,KE,9,37.32789662,0.97283282
1643,2014,KE,9,37.33677706,0.97847809
1644,2015,KE,9,37.3272695,0.97083093
1645,2016,KE,9,37.32906157,0.97592676
1646,2017,KE,9,37.33883108,0.99813114
1647,2018,KE,9,37.32377002,0.97092016
1648,2019,KE,9,37.33488927,0.98548272
1649,2020,KE,9,37.327272,0.96573599
1650,2021,KE,9,37.33004842,0.97629118
1651,2022,KE,9,37.34215555,0.98921662
1652,2023,KE,9,37.32456863,0.98893478
1653,2024,KE,9,37.3792888,1.02053338
1654,2025,KE,9,37.29604896,0.96089846
1655,2026,KE,9,37.29998926,0.976367
1656,2027,KE,9,37.32430871,0.97028357
1657,2028,KE,9,37.31730243,0.98520088
1658,2029,KE,9,37.31532721,0.98756537
1659,2030,KE,9,37.32717356,0.98338626
1660,2031,KE,9,37.32942518,0.96637392
1661,2032,KE,9,37.32932752,0.98247754
1662,2033,KE,9,37.30437715,0.9937464
1663,2034,KE,9,37.29773687,0.9944708
1664,2035,KE,9,37.2989032,0.99474434
1665,2036,KE,9,37.30588017,0.99221412
1666,2037,KE,9,37.30734102,0.98819814
1667,2038,KE,9,37.30805839,0.98910831
1668,2039,KE,9,37.31658208,0.99020444
1669,2040,KE,9,37.32546333,0.99412775
1670,2041,KE,9,37.29459694,0.99337741
1671,2042,KE,9,37.35805955,0.94409727
1672,2043,KE,9,37.34960658,0.98230572
1673,2044,KE,9,37.36844473,0.99323299
1674,2045,KE,9,37.3741864,0.9956014
1675,2046,KE,9,37.35202401,0.99304282
1676,2047,KE,9,37.3485495,0.94136328
1677,2048,KE,9,37.32961705,0.94062635
1678,2049,KE,9,37.34513721,0.94682056
1679,2050,KE,9,37.3505232,0.94209208
1680,2051,KE,9,37.33534758,0.96583096
1681,2052,KE,9,37.34585796,0.94063414
1682,2053,KE,9,37.34458235,0.98093849
1683,2054,KE,9,37.35159816,0.94591384
1684,2055,KE,9,37.35276665,0.94163823
1685,2056,KE,9,37.37696792,0.99596671
1686,2057,KE,9,37.35177809,0.94491312
1687,2058,KE,9,37.35007318,0.94500329
1688,2059,KE,9,37.34746779,0.95182569
1689,2060,KE,9,37.34601692,0.98321375
1690,2061,KE,9,37.34960703,0.9813959
1691,2062,KE,9,37.34522169,0.95782941
1692,2063,KE,9,37.34998178,0.94855155
1693,2064,KE,9,37.34699945,0.99231244
1694,2065,KE,9,37.34188423,0.99349262
1695,2066,KE,9,37.34341546,0.98175675
1696,2067,KE,9,37.33938474,0.96719767
1697,2068,KE,9,37.33615518,0.96574038
1698,2069,KE,9,37.35202338,0.99431657
1699,2070,KE,9,37.35193451,0.99258786
1700,2071,KE,9,37.34844044,0.98157728
1701,2072,KE,9,37.33265592,0.96537473
1702,2073,KE,9,37.34736287,0.98321442
1703,2074,KE,9,37.34511917,0.98412312
1704,2075,KE,9,37.34422186,0.98412267
1705,2076,KE,9,37.3325661,0.96555665
1706,2077,KE,9,37.37068802,0.9932341
1707,2078,KE,9,37.36218358,0.95165079
1708,2079,KE,9,37.36083904,0.94864772
1709,2080,KE,9,37.35679588,0.95983663
1710,2081,KE,9,37.37681879,0.93191437
1711,2082,KE,9,37.36935844,0.9592058
1712,2083,KE,9,37.38471345,0.93546639
1713,2084,KE,9,37.37025299,0.96502915
1714,2085,KE,9,37.37106693,0.95156405
1715,2086,KE,9,37.36882045,0.9583867
1716,2087,KE,9,37.3716947,0.95229221
1717,2088,KE,9,37.37070294,0.96229987
1718,2089,KE,9,37.36935416,0.96821312
1719,2090,KE,9,37.38552103,0.93546677
1720,2091,KE,9,37.38247039,0.93501043
1721,2092,KE,9,37.36230068,0.99375608
1722,2093,KE,9,37.3990634,0.95084937
1723,2094,KE,9,37.36128812,0.94773811
1724,2095,KE,9,37.34216521,0.96956457
1725,2096,KE,9,37.35079136,0.94427577
1726,2097,KE,9,37.35725232,0.94336903
1727,2098,KE,9,37.33678717,0.95773432
1728,2099,KE,9,37.38683811,0.99669946
1729,2100,KE,9,37.3504116,0.9874921
1730,2101,KE,9,37.34987353,0.98685496
1731,2102,KE,9,37.35662396,0.94391463
1732,2103,KE,9,37.35166707,0.98903943
1733,2104,KE,9,37.35112652,0.9934063
1734,2105,KE,9,37.35745483,1.00024581
1735,2106,KE,9,37.35148657,0.99113192
1736,2107,KE,9,37.35698258,0.94455167
1737,2108,KE,9,37.35750766,1.00012127
1738,2109,KE,9,37.3587639,1.00003086
1739,2110,KE,9,37.35857226,0.99732228
1740,2111,KE,9,37.36081734,0.9936841
1741,2112,KE,9,37.35543884,0.98276353
1742,2113,KE,9,37.3729542,0.9452871
1743,2114,KE,9,37.36620211,0.99186713
1744,2115,KE,9,37.35292687,0.98176148
1745,2116,KE,9,37.36440793,0.99095641
1746,2117,KE,9,37.36171308,0.99686894
1747,2118,KE,9,37.36640274,0.94774054
1748,2119,KE,9,37.36801788,0.94774131
1749,2120,KE,9,37.35768055,0.98594902
1750,2121,KE,9,37.3594698,0.99686781
1751,2122,KE,9,37.36531736,0.96593659
1752,2123,KE,9,37.36351263,0.98686174
1753,2124,KE,9,37.35902741,0.98413004
1754,2125,KE,9,37.35723101,0.98776845
1755,2126,KE,9,37.36173079,0.96038491
1756,2127,KE,9,37.35992538,0.98276575
1757,2128,KE,9,37.36261331,0.99095552
1758,2129,KE,9,37.35723512,0.99627404
1759,2130,KE,9,37.36531974,0.96093254
1760,2131,KE,9,37.36081868,0.99095462
1761,2132,KE,9,37.36281417,0.9463741
1762,2133,KE,9,37.36396061,0.9882267
1763,2134,KE,9,37.36352548,0.96020381
1764,2135,KE,9,37.36936341,0.94865178
1765,2136,KE,9,37.36298497,0.9646617
1766,2137,KE,9,37.36441853,0.96912055
1767,2138,KE,9,37.38605912,0.9361039
1768,2139,KE,9,37.3907243,0.93792574
1769,2140,KE,9,37.38848123,0.93746978
1770,2141,KE,9,37.36352708,0.95683745
1771,2142,KE,9,37.36981946,0.93272997
1772,2143,KE,9,37.36074388,0.96011149
1773,2144,KE,9,37.36244576,0.96639011
1774,2145,KE,9,37.37179364,0.93245794
1775,2146,KE,9,37.36074262,0.96274998
1776,2147,KE,9,37.37089134,0.9432845
1777,2148,KE,9,37.36981525,0.94182827
1778,2149,KE,9,37.35948653,0.96247643
1779,2150,KE,9,37.36074197,0.96411472
1780,2151,KE,9,37.36586754,0.94091658
1781,2152,KE,9,37.36882851,0.94119092
1782,2153,KE,9,37.3583199,0.96274881
1783,2154,KE,9,37.38103512,0.93409993
1784,2155,KE,9,37.35435453,0.99804801
1785,2156,KE,9,37.37816458,0.93227893
1786,2157,KE,9,37.36307929,0.95501758
1787,2158,KE,9,37.36083105,0.9654795
1788,2159,KE,9,37.36954198,0.95056251
1789,2160,KE,9,37.36216264,0.99504951
1790,2161,KE,9,37.38372646,0.93537495
1791,2162,KE,9,37.36235755,0.96320568
1792,2163,KE,9,37.36128166,0.9613855
1793,2164,KE,9,37.36262718,0.96229598
1794,2165,KE,9,37.36081644,0.99550375
1795,2166,KE,9,37.39394665,0.93339862
1796,2167,KE,9,37.36576896,0.95974998
1797,2168,KE,9,37.39269893,0.93674386
1798,2169,KE,9,37.36261908,0.97912777
1799,2170,KE,9,37.36891069,0.95729495
1800,2171,KE,9,37.39027461,0.94020013
1801,2172,KE,9,37.36261753,0.98231216
1802,2173,KE,9,37.37429774,0.95047378
1803,2174,KE,9,37.3684562,0.96957743
1804,2175,KE,9,37.36486434,0.97503465
1805,2176,KE,9,37.36486653,0.97048551
1806,2177,KE,9,37.3644207,0.96457142
1807,2178,KE,9,37.36765114,0.96430003
1808,2179,KE,9,37.36441853,0.96912055
1809,2180,KE,9,37.37663023,0.95156668
1810,2181,KE,9,37.37654152,0.94938304
1811,2182,KE,9,37.37304126,0.95101908
1812,2183,KE,9,37.36513067,0.98094866
1813,2184,KE,9,37.39323428,0.94338594
1814,2185,KE,9,37.36415225,0.96302458
1815,2186,KE,9,37.37689734,0.956025
1816,2187,KE,9,37.38416687,0.95320795
1817,2188,KE,9,37.37976962,0.95411571
1818,2189,KE,9,37.37518841,0.96457661
1819,2190,KE,9,37.37159635,0.97048878
1820,2191,KE,9,37.37294763,0.95929851
1821,2192,KE,9,37.38416886,0.94893172
1822,2193,KE,9,37.38596357,0.9487506
1823,2194,KE,9,37.37249842,0.96048107
1824,2195,KE,9,37.37518927,0.96275694
1825,2196,KE,9,37.38497547,0.95102473
1826,2197,KE,9,37.39726956,0.94911983
1827,2198,KE,9,37.39296266,0.94866289
1828,2199,KE,9,37.3989738,0.95057637
1829,2200,KE,9,37.39960121,0.9521234
1830,2201,KE,9,37.38722019,0.94793233
1831,2202,KE,9,37.38865568,0.94838793
1832,2203,KE,9,37.39170646,0.94857132
1833,2204,KE,9,37.39771692,0.95194055
1834,2205,KE,9,37.39251568,0.94502332
1835,2206,KE,9,37.39403885,0.94993718
1836,2207,KE,9,37.39484618,0.95048346
1837,2208,KE,9,37.3721437,0.95156456
1838,2209,KE,9,37.35866857,0.9839479
1839,2210,KE,9,37.36100304,0.98094663
1840,2211,KE,9,37.35769244,0.96138377
1841,2212,KE,9,37.36252869,0.98049247
1842,2213,KE,9,37.39242886,0.9386544
1843,2214,KE,9,37.37698975,0.95029309
1844,2215,KE,9,37.35947651,0.98322044
1845,2216,KE,9,37.3644137,0.97912865
1846,2217,KE,9,37.37914197,0.95311459
1847,2218,KE,9,37.38281984,0.95548191
1848,2219,KE,9,37.364417,0.97230495
1849,2220,KE,9,37.39045361,0.94120104
1850,2221,KE,9,37.36711132,0.9673022
1851,2222,KE,9,37.36845707,0.96775777
1852,2223,KE,9,37.3648639,0.97594448
1853,2224,KE,9,37.34528319,1.01496606
1854,2225,KE,9,37.34090832,0.97092867
1855,2226,KE,9,37.3428826,0.97047474
1856,2227,KE,9,37.34583902,0.9800293
1857,2228,KE,9,37.34753824,0.99149387
1858,2229,KE,9,37.34806444,1.01578633
1859,2230,KE,9,37.34332118,0.99094586
1860,2231,KE,9,37.40064743,1.01626788
1861,2232,KE,9,37.4058865,1.01384609
1862,2233,KE,9,37.40020104,1.01162746
1863,2234,KE,9,37.36008658,1.01952278
1864,2235,KE,9,37.35694707,1.01733759
1865,2236,KE,9,37.34646664,0.98103041
1866,2237,KE,9,37.34746714,0.95319042
1867,2238,KE,9,37.3878205,1.00625324
1868,2239,KE,9,37.34296158,0.9923104
1869,2240,KE,9,37.34188581,0.99030826
1870,2241,KE,9,37.33614458,0.98730298
1871,2242,KE,9,37.32305039,0.97455904
1872,2243,KE,9,37.32807419,0.97665412
1873,2244,KE,9,37.33821812,0.96747005
1874,2245,KE,9,37.33875592,0.96865307
1875,2246,KE,9,37.31355617,0.93970877
1876,2247,KE,9,37.32469795,1.00444844
1877,2248,KE,9,37.3257292,1.00067192
1878,2249,KE,9,37.33211192,0.9768381
1879,2250,KE,9,37.29999086,0.9731827
1880,2251,KE,9,37.35156377,1.01615206
1881,2252,KE,9,37.35725207,0.94391492
1882,2253,KE,9,37.36101312,0.96002063
1883,2254,KE,9,37.3618196,0.96229559
1884,2255,KE,9,37.36397227,0.96411628
1885,2256,KE,9,37.37465701,0.94974609
1886,2257,KE,9,37.37689972,0.95092993
1887,2258,KE,9,37.37967989,0.95411567
1888,2259,KE,9,37.39045357,0.94129202
1889,2260,KE,9,37.37205311,0.95338418
1890,2261,KE,9,37.36872756,0.96502841
1891,2708,KE,12,36.94138889,2.66669444
1892,2709,KE,12,36.94166667,2.66633333
1893,2710,KE,12,36.94236111,2.66644444
1894,2711,KE,12,36.94594444,2.6685
1895,2712,KE,12,36.94341667,2.66886111
1896,2713,KE,12,36.94069444,2.66755556
1897,2714,KE,12,37.93072222,2.2625
1898,2715,KE,12,37.97280556,2.31486111
1899,2716,KE,12,37.96186111,2.3055
1900,2717,KE,12,37.95911111,2.30225
1901,2718,KE,12,37.92986111,2.27111111
1902,2719,KE,12,37.934,2.25341667
1903,2720,KE,12,37.93219444,2.24425
1904,2721,KE,12,37.99497222,2.30980556
1905,2722,KE,12,37.97980556,2.30958333
1906,2723,KE,12,38.00030556,2.30963889
1907,2724,KE,12,37.95419444,2.28275
1908,2725,KE,12,37.29186111,1.253
1909,2726,KE,12,37.29111111,1.25377778
1910,2727,KE,12,37.29375,1.25325
1911,2728,KE,12,37.29533333,1.25241667
1912,2729,KE,12,37.29166667,1.24602778
1913,2730,KE,12,37.29077778,1.2465
1914,2731,KE,12,37.29083333,1.24652778
1915,2732,KE,12,37.29338889,1.24669444
1916,2733,KE,12,37.29475,1.24766667
1917,2734,KE,12,37.29380556,1.24830556
1918,2735,KE,12,37.29597222,1.24413889
1919,2736,KE,12,37.29630556,1.24486111
1920,2737,KE,12,37.29677778,1.24577778
1921,2738,KE,12,36.83869444,-1.24258333
1922,2739,KE,12,36.83747222,-1.24169444
1923,2740,KE,12,36.82758333,-1.23919444
1924,2741,KE,12,36.82611111,-1.23758333
1925,2742,KE,12,36.82566667,-1.23669444
1926,2743,KE,12,36.82391667,-1.23861111
1927,2744,KE,12,36.81666667,-1.23333333
1928,2745,KE,12,36.83841667,-1.24202778
1929,2746,KE,12,36.83975,-1.24338889
1930,2747,KE,12,36.82530556,-1.24166667
1931,2748,KE,12,36.82786111,-1.23872222
1932,2749,KE,12,36.82786111,-1.23872222
1933,2750,KE,12,36.837,-1.24183333
1934,2751,KE,12,36.8275,-1.2365
1935,2752,KE,12,36.82383333,-1.23980556
1936,2753,KE,12,36.84102778,-1.24508333
1937,2754,KE,12,36.71141667,-1.35791667
1938,2755,KE,12,36.82580556,-1.23433333
1939,2756,KE,12,36.83916667,-1.24325
1940,2757,KE,12,36.84055556,-1.24525
1941,2758,KE,12,35.80994444,-1.83527778
1942,2759,KE,12,35.80883333,-1.83547222
1943,2760,KE,12,35.85822222,-1.88091667
1944,2761,KE,12,35.84825,-1.87905556
1945,2762,KE,12,35.80863889,-1.8355
1946,2763,KE,12,35.80969444,-1.83858333
